6 version
1 template id
-1 item version
1125 num components
1900 0 0 0 1
1900 0 0 5 1
1900 0 0 10 1
1918 0 0 15 1
1900 0 1 0 1
1900 0 1 5 1
1900 0 1 10 1
1910 0 1 15 1
1900 0 2 0 1
1900 0 2 5 1
1902 0 2 10 1
1900 0 3 0 1
1900 0 3 5 1
1902 0 3 10 1
1900 0 4 0 1
1900 0 4 5 1
1902 0 4 10 1
1900 0 5 0 1
1900 0 5 5 1
1902 0 5 10 1
1900 0 6 0 1
1900 0 6 5 1
1919 0 6 10 1
6015 0 7 0 1
3215 0 7 0 1
3215 0 7 6 1
3215 0 7 12 1
3215 0 7 18 1
1309 0 8 0 1
1312 0 9 0 1
6014 0 10 0 1
3215 0 10 0 1
3215 0 10 6 1
3215 0 10 12 1
3215 0 10 18 1
6016 0 11 0 1
3215 0 11 0 1
3215 0 11 6 1
3208 0 11 12 1
6014 0 12 0 1
3215 0 12 0 1
3215 0 12 6 1
3208 0 12 12 1
6014 0 13 0 1
3215 0 13 0 1
3215 0 13 6 1
3208 0 13 12 1
6017 0 14 0 1
3215 0 14 0 1
3215 0 14 6 1
3208 0 14 12 1
6017 0 15 0 1
3215 0 15 0 1
3215 0 15 6 1
3208 0 15 12 1
6016 0 16 0 1
3215 0 16 0 1
3215 0 16 6 1
3208 0 16 12 1
6017 0 17 0 1
3215 0 17 0 1
4553 0 17 6 1
1900 1 0 0 1
1900 1 0 5 1
1900 1 0 10 1
1901 1 0 15 1
6042 1 1 10 1
13579 1 1 10 1
6039 1 2 10 1
13603 1 2 10 1
6039 1 3 10 1
6042 1 4 10 1
6039 1 5 10 1
1900 1 6 0 1
1900 1 6 5 1
1903 1 6 10 1
6015 1 7 0 1
3212 1 7 1 1
1311 1 8 0 1
1312 1 9 0 1
6014 1 10 0 1
3211 1 10 1 1
6017 1 11 0 1
3272 1 11 1 1
6014 1 12 0 1
3209 1 12 1 1
6016 1 13 0 1
3203 1 13 1 1
6017 1 14 0 1
3211 1 14 1 1
6014 1 15 0 1
3206 1 15 1 1
6016 1 16 0 1
3203 1 16 1 1
6016 1 17 0 1
3215 1 17 0 1
3215 1 17 6 1
3208 1 17 12 1
1900 2 0 0 1
1900 2 0 5 1
1900 2 0 10 1
1901 2 0 15 1
6042 2 1 10 1
13579 2 1 10 1
6044 2 2 10 1
13603 2 2 10 1
6039 2 3 10 1
6043 2 4 10 1
6042 2 5 10 1
1900 2 6 0 1
1900 2 6 5 1
1903 2 6 10 1
1309 2 7 0 1
2921 2 7 0 1
1312 2 8 0 1
1312 2 9 0 1
1312 2 10 0 1
2921 2 10 0 1
6017 2 11 0 1
3265 2 11 1 1
6016 2 12 0 1
3209 2 12 1 1
6017 2 13 0 1
3203 2 13 1 1
6014 2 14 0 1
3203 2 14 1 1
6015 2 15 0 1
3265 2 15 1 1
6015 2 16 0 1
3214 2 16 1 1
6014 2 17 0 1
3215 2 17 0 1
3215 2 17 6 1
3208 2 17 12 1
1900 3 0 0 1
1900 3 0 5 1
1900 3 0 10 1
1901 3 0 15 1
6042 3 1 10 1
13579 3 1 10 1
6040 3 2 10 1
13603 3 2 10 1
6041 3 3 10 1
6042 3 4 10 1
6040 3 5 10 1
1900 3 6 0 1
1900 3 6 5 1
1903 3 6 10 1
1312 3 7 0 1
2922 3 7 0 1
1311 3 8 0 1
1311 3 9 0 1
1310 3 10 0 1
2922 3 10 0 1
6015 3 11 0 1
3265 3 11 1 1
6015 3 12 0 1
3209 3 12 1 1
6015 3 13 0 1
3203 3 13 1 1
6014 3 14 0 1
3206 3 14 1 1
6017 3 15 0 1
3213 3 15 1 1
6013 3 16 0 1
3206 3 16 1 1
6014 3 17 0 1
3215 3 17 0 1
3215 3 17 6 1
3208 3 17 12 1
1900 4 0 0 1
1900 4 0 5 1
1900 4 0 10 1
1920 4 0 15 1
1900 4 1 0 1
1900 4 1 5 1
1900 4 1 10 1
1911 4 1 15 1
1900 4 2 0 1
1900 4 2 5 1
1911 4 2 10 1
6042 4 3 5 1
13549 4 3 5 1
6040 4 4 5 1
13549 4 4 5 1
6041 4 5 5 1
13549 4 5 5 1
1900 4 6 0 1
1900 4 6 5 1
1903 4 6 10 1
1310 4 7 0 1
2920 4 7 0 1
1309 4 8 0 1
1311 4 9 0 1
1311 4 10 0 1
2920 4 10 0 1
6017 4 11 0 1
3265 4 11 1 1
6015 4 12 0 1
3209 4 12 1 1
6016 4 13 0 1
3203 4 13 1 1
6014 4 14 0 1
3214 4 14 1 1
6016 4 15 0 1
3211 4 15 1 1
6017 4 16 0 1
3265 4 16 1 1
6016 4 17 0 1
3215 4 17 0 1
3215 4 17 6 1
3208 4 17 12 1
1900 5 0 0 1
1918 5 0 5 1
1900 5 1 0 1
1902 5 1 5 1
1900 5 2 0 1
1910 5 2 5 1
6040 5 3 5 1
13573 5 3 5 1
6039 5 4 5 1
13573 5 4 5 1
6039 5 5 5 1
13573 5 5 5 1
1900 5 6 0 1
1900 5 6 5 1
1912 5 6 10 1
1310 5 7 0 1
2921 5 7 0 1
1309 5 8 0 1
1312 5 9 0 1
1311 5 10 0 1
2921 5 10 0 1
6015 5 11 0 1
3265 5 11 1 1
6015 5 12 0 1
3209 5 12 1 1
6015 5 13 0 1
3203 5 13 1 1
6017 5 14 0 1
3265 5 14 1 1
6017 5 15 0 1
3203 5 15 1 1
6015 5 16 0 1
6015 5 17 0 1
3215 5 17 0 1
3215 5 17 6 1
3208 5 17 12 1
1900 6 0 0 1
1901 6 0 5 1
6039 6 1 0 1
6042 6 1 5 1
6042 6 2 0 1
6040 6 2 5 1
6044 6 3 0 1
6044 6 3 5 1
6043 6 4 0 1
6043 6 4 5 1
6042 6 5 0 1
6042 6 5 5 1
1900 6 6 0 1
1903 6 6 5 1
1309 6 7 0 1
2922 6 7 0 1
1309 6 8 0 1
1311 6 9 0 1
1312 6 10 0 1
2922 6 10 0 1
6014 6 11 0 1
3265 6 11 1 1
6014 6 12 0 1
3209 6 12 1 1
6014 6 13 0 1
3203 6 13 1 1
6016 6 14 0 1
3211 6 14 1 1
6015 6 15 0 1
3206 6 15 1 1
6015 6 16 0 1
6016 6 17 0 1
3215 6 17 0 1
3215 6 17 6 1
3208 6 17 12 1
1900 7 0 0 1
1901 7 0 5 1
6041 7 1 0 1
6040 7 1 5 1
6040 7 2 0 1
6042 7 2 5 1
6039 7 3 0 1
6043 7 3 5 1
6040 7 4 0 1
6041 7 4 5 1
6044 7 5 0 1
6043 7 5 5 1
1900 7 6 0 1
1903 7 6 5 1
1311 7 7 0 1
2920 7 7 0 1
1310 7 8 0 1
1309 7 9 0 1
1312 7 10 0 1
2920 7 10 0 1
6013 7 11 0 1
3265 7 11 1 1
6016 7 12 0 1
3209 7 12 1 1
6017 7 13 0 1
3203 7 13 1 1
6013 7 14 0 1
3203 7 14 1 1
6017 7 15 0 1
3265 7 15 1 1
6017 7 16 0 1
3203 7 16 1 1
6016 7 17 0 1
3215 7 17 0 1
3215 7 17 6 1
3208 7 17 12 1
1900 8 0 0 1
1901 8 0 5 1
6042 8 1 0 1
13549 8 1 0 1
6039 8 2 0 1
13549 8 2 0 1
6044 8 3 0 1
13549 8 3 0 1
1900 8 4 0 1
1909 8 4 5 1
1900 8 5 0 1
1904 8 5 5 1
1900 8 6 0 1
1917 8 6 5 1
6014 8 7 0 1
3212 8 7 1 1
1311 8 8 0 1
1312 8 9 0 1
6014 8 10 0 1
3211 8 10 1 1
6013 8 11 0 1
3272 8 11 1 1
6017 8 12 0 1
3209 8 12 1 1
6014 8 13 0 1
3203 8 13 1 1
6014 8 14 0 1
3206 8 14 1 1
6017 8 15 0 1
3213 8 15 1 1
6016 8 16 0 1
3206 8 16 1 1
6016 8 17 0 1
3215 8 17 0 1
3215 8 17 6 1
3208 8 17 12 1
1900 9 0 0 1
1910 9 0 5 1
13573 9 1 0 1
13573 9 2 0 1
13573 9 3 0 1
1900 9 4 0 1
1912 9 4 5 1
6014 9 5 0 1
3272 9 5 1 1
6015 9 6 0 1
3208 9 6 1 1
6015 9 7 0 1
3208 9 7 1 1
1310 9 8 0 1
1311 9 9 0 1
6015 9 10 0 1
3263 9 10 1 1
6015 9 11 0 1
3209 9 11 1 1
6014 9 12 0 1
3209 9 12 1 1
6013 9 13 0 1
3203 9 13 1 1
6013 9 14 0 1
3203 9 14 1 1
6017 9 15 0 1
3265 9 15 1 1
6014 9 16 0 1
6017 9 17 0 1
3215 9 17 0 1
3215 9 17 6 1
3208 9 17 12 1
1901 10 0 0 1
6040 10 1 0 1
6040 10 2 0 1
6043 10 3 0 1
1903 10 4 0 1
1311 10 5 0 1
2861 10 5 0 1
1309 10 6 0 1
6015 10 7 0 1
3208 10 7 1 1
1312 10 8 0 1
1311 10 9 0 1
6014 10 10 0 1
3263 10 10 1 1
6016 10 11 0 1
3209 10 11 1 1
6016 10 12 0 1
3203 10 12 1 1
6017 10 13 0 1
3203 10 13 1 1
6013 10 14 0 1
6016 10 15 0 1
6016 10 16 0 1
6014 10 17 0 1
3215 10 17 0 1
3215 10 17 6 1
3208 10 17 12 1
1901 11 0 0 1
6042 11 1 0 1
6044 11 2 0 1
6041 11 3 0 1
1903 11 4 0 1
1310 11 5 0 1
2861 11 5 0 1
1311 11 6 0 1
1310 11 7 0 1
1311 11 8 0 1
1310 11 9 0 1
6015 11 10 0 1
3263 11 10 1 1
6016 11 11 0 1
3209 11 11 1 1
6016 11 12 0 1
3203 11 12 1 1
6016 11 13 0 1
6015 11 14 0 1
6017 11 15 0 1
6013 11 16 0 1
6014 11 17 0 1
3215 11 17 0 1
3215 11 17 6 1
3208 11 17 12 1
1901 12 0 0 1
6042 12 1 0 1
6044 12 2 0 1
6044 12 3 0 1
1903 12 4 0 1
1312 12 5 0 1
2861 12 5 0 1
1310 12 6 0 1
6014 12 7 0 1
3208 12 7 1 1
1310 12 8 0 1
1311 12 9 0 1
6015 12 10 0 1
3263 12 10 1 1
6014 12 11 0 1
3209 12 11 1 1
6016 12 12 0 1
3203 12 12 1 1
6013 12 13 0 1
6017 12 14 0 1
3283 12 14 1 1
3284 12 14 2 1
6015 12 15 0 1
6014 12 16 0 1
6013 12 17 0 1
3215 12 17 0 1
3215 12 17 6 1
3208 12 17 12 1
1920 13 0 0 1
1904 13 1 0 1
1904 13 2 0 1
1904 13 3 0 1
1917 13 4 0 1
6017 13 5 0 1
3204 13 5 1 1
6015 13 6 0 1
3208 13 6 1 1
6016 13 7 0 1
3208 13 7 1 1
1312 13 8 0 1
1309 13 9 0 1
6013 13 10 0 1
3263 13 10 1 1
6014 13 11 0 1
3209 13 11 1 1
6013 13 12 0 1
3203 13 12 1 1
6016 13 13 0 1
6017 13 14 0 1
6016 13 15 0 1
6016 13 16 0 1
6015 13 17 0 1
3215 13 17 0 1
3215 13 17 6 1
3208 13 17 12 1
3215 14 0 0 1
3215 14 0 6 1
3208 14 0 12 1
1311 14 1 0 1
2860 14 1 0 1
1312 14 2 0 1
2860 14 2 0 1
1309 14 3 0 1
2860 14 3 0 1
6016 14 4 0 1
3210 14 4 1 1
6014 14 5 0 1
3230 14 5 1 1
6015 14 6 0 1
3209 14 6 1 1
6015 14 7 0 1
3263 14 7 1 1
1312 14 8 0 1
1312 14 9 0 1
6015 14 10 0 1
3263 14 10 1 1
6015 14 11 0 1
3209 14 11 1 1
6014 14 12 0 1
3203 14 12 1 1
6016 14 13 0 1
6017 14 14 0 1
6014 14 15 0 1
6016 14 16 0 1
6014 14 17 0 1
3215 14 17 0 1
3215 14 17 6 1
3208 14 17 12 1
3215 15 0 0 1
3215 15 0 6 1
3208 15 0 12 1
1309 15 1 0 1
1311 15 2 0 1
1312 15 3 0 1
6015 15 4 0 1
3209 15 4 1 1
6017 15 5 0 1
3203 15 5 1 1
6013 15 6 0 1
3209 15 6 1 1
6017 15 7 0 1
3263 15 7 1 1
1312 15 8 0 1
1309 15 9 0 1
6015 15 10 0 1
3263 15 10 1 1
6017 15 11 0 1
3209 15 11 1 1
6014 15 12 0 1
3203 15 12 1 1
6015 15 13 0 1
6013 15 14 0 1
6017 15 15 0 1
6016 15 16 0 1
6015 15 17 0 1
3215 15 17 0 1
3215 15 17 6 1
3208 15 17 12 1
6017 16 0 0 1
3215 16 0 0 1
3215 16 0 6 1
3208 16 0 12 1
6014 16 1 0 1
3263 16 1 1 1
1310 16 2 0 1
6014 16 3 0 1
3263 16 3 1 1
6016 16 4 0 1
3209 16 4 1 1
6014 16 5 0 1
3203 16 5 1 1
6016 16 6 0 1
3209 16 6 1 1
6017 16 7 0 1
3263 16 7 1 1
1312 16 8 0 1
1310 16 9 0 1
6014 16 10 0 1
3263 16 10 1 1
6015 16 11 0 1
3209 16 11 1 1
6016 16 12 0 1
3203 16 12 1 1
6013 16 13 0 1
6013 16 14 0 1
3283 16 14 1 1
3284 16 14 2 1
6017 16 15 0 1
6013 16 16 0 1
6013 16 17 0 1
3215 16 17 0 1
3215 16 17 6 1
3208 16 17 12 1
6014 17 0 0 1
3215 17 0 0 1
3215 17 0 6 1
3208 17 0 12 1
6017 17 1 0 1
3263 17 1 1 1
1311 17 2 0 1
6017 17 3 0 1
3263 17 3 1 1
6015 17 4 0 1
3209 17 4 1 1
6017 17 5 0 1
3203 17 5 1 1
6014 17 6 0 1
3209 17 6 1 1
6014 17 7 0 1
3263 17 7 1 1
1311 17 8 0 1
1311 17 9 0 1
6013 17 10 0 1
3263 17 10 1 1
6014 17 11 0 1
3209 17 11 1 1
6013 17 12 0 1
3203 17 12 1 1
6013 17 13 0 1
6013 17 14 0 1
6017 17 15 0 1
6014 17 16 0 1
6015 17 17 0 1
3215 17 17 0 1
3215 17 17 6 1
3208 17 17 12 1
6013 18 0 0 1
3215 18 0 0 1
3215 18 0 6 1
3208 18 0 12 1
6014 18 1 0 1
3263 18 1 1 1
1311 18 2 0 1
6013 18 3 0 1
3263 18 3 1 1
6014 18 4 0 1
3209 18 4 1 1
6015 18 5 0 1
3203 18 5 1 1
6017 18 6 0 1
3209 18 6 1 1
6013 18 7 0 1
3263 18 7 1 1
1312 18 8 0 1
1311 18 9 0 1
6014 18 10 0 1
3263 18 10 1 1
6013 18 11 0 1
3209 18 11 1 1
6016 18 12 0 1
3203 18 12 1 1
6016 18 13 0 1
3203 18 13 1 1
6017 18 14 0 1
3203 18 14 1 1
6017 18 15 0 1
3203 18 15 1 1
6016 18 16 0 1
3203 18 16 1 1
6015 18 17 0 1
3215 18 17 0 1
3215 18 17 6 1
3208 18 17 12 1
6014 19 0 0 1
3215 19 0 0 1
3215 19 0 6 1
3208 19 0 12 1
6016 19 1 0 1
3263 19 1 1 1
1309 19 2 0 1
6013 19 3 0 1
3263 19 3 1 1
6017 19 4 0 1
3209 19 4 1 1
6016 19 5 0 1
3209 19 5 1 1
6013 19 6 0 1
353 19 6 0 1
1310 19 7 0 1
367 19 7 0 1
1310 19 8 0 1
369 19 8 0 1
1311 19 9 0 1
369 19 9 0 1
1312 19 10 0 1
369 19 10 0 1
6013 19 11 0 1
366 19 11 0 1
6017 19 12 0 1
3209 19 12 1 1
6017 19 13 0 1
3209 19 13 1 1
6014 19 14 0 1
3209 19 14 1 1
6015 19 15 0 1
3209 19 15 1 1
6014 19 16 0 1
3209 19 16 1 1
6017 19 17 0 1
3215 19 17 0 1
3215 19 17 6 1
3208 19 17 12 1
6016 20 0 0 1
3215 20 0 0 1
3215 20 0 6 1
3215 20 0 12 1
3215 20 0 18 1
6016 20 1 0 1
3263 20 1 1 1
1309 20 2 0 1
6017 20 3 0 1
3263 20 3 1 1
6015 20 4 0 1
3263 20 4 1 1
6013 20 5 0 1
3263 20 5 1 1
1309 20 6 0 1
368 20 6 0 1
1311 20 7 0 1
1312 20 8 0 1
1309 20 9 0 1
1311 20 10 0 1
1309 20 11 0 1
368 20 11 0 1
6014 20 12 0 1
3263 20 12 1 1
6015 20 13 0 1
3263 20 13 1 1
6013 20 14 0 1
3263 20 14 1 1
6013 20 15 0 1
3263 20 15 1 1
6015 20 16 0 1
3263 20 16 1 1
6016 20 17 0 1
3215 20 17 0 1
3215 20 17 4 1
3215 20 17 6 1
3215 20 17 12 1
3215 20 17 18 1
1311 21 0 0 1
1312 21 1 0 1
1309 21 2 0 1
1312 21 3 0 1
1309 21 4 0 1
1311 21 5 0 1
1309 21 6 0 1
370 21 6 0 1
1310 21 7 0 1
1310 21 8 0 1
1310 21 9 0 1
1311 21 10 0 1
1312 21 11 0 1
370 21 11 0 1
1311 21 12 0 1
1311 21 13 0 1
1309 21 14 0 1
1312 21 15 0 1
1311 21 16 0 1
1312 21 17 0 1
1309 22 0 0 1
1311 22 1 0 1
1310 22 2 0 1
1311 22 3 0 1
1310 22 4 0 1
1311 22 5 0 1
1310 22 6 0 1
370 22 6 0 1
1311 22 7 0 1
1312 22 8 0 1
1310 22 9 0 1
1309 22 10 0 1
1312 22 11 0 1
370 22 11 0 1
1310 22 12 0 1
1311 22 13 0 1
1310 22 14 0 1
1311 22 15 0 1
1309 22 16 0 1
1310 22 17 0 1
6017 23 0 0 1
3215 23 0 0 1
3215 23 0 6 1
3215 23 0 12 1
3215 23 0 18 1
6017 23 1 0 1
3263 23 1 1 1
6015 23 2 0 1
3263 23 2 1 1
6016 23 3 0 1
3263 23 3 1 1
6017 23 4 0 1
3263 23 4 1 1
6014 23 5 0 1
3263 23 5 1 1
1310 23 6 0 1
370 23 6 0 1
1310 23 7 0 1
1312 23 8 0 1
1312 23 9 0 1
1312 23 10 0 1
1309 23 11 0 1
370 23 11 0 1
6013 23 12 0 1
3263 23 12 1 1
6014 23 13 0 1
3263 23 13 1 1
6014 23 14 0 1
3263 23 14 1 1
6014 23 15 0 1
3263 23 15 1 1
6016 23 16 0 1
3263 23 16 1 1
6017 23 17 0 1
3215 23 17 0 1
3215 23 17 6 1
3215 23 17 12 1
3215 23 17 18 1
6015 24 0 0 1
3215 24 0 0 1
3215 24 0 6 1
3208 24 0 12 1
6014 24 1 0 1
3209 24 1 1 1
6015 24 2 0 1
3209 24 2 1 1
6017 24 3 0 1
3209 24 3 1 1
6016 24 4 0 1
3209 24 4 1 1
6015 24 5 0 1
3209 24 5 1 1
6016 24 6 0 1
365 24 6 0 1
1311 24 7 0 1
367 24 7 0 1
1310 24 8 0 1
369 24 8 0 1
1310 24 9 0 1
369 24 9 0 1
1311 24 10 0 1
369 24 10 0 1
3205 24 11 0 1
364 24 11 0 1
6013 24 12 0 1
3209 24 12 1 1
6016 24 13 0 1
3209 24 13 1 1
6015 24 14 0 1
3209 24 14 1 1
6015 24 15 0 1
3209 24 15 1 1
6015 24 16 0 1
3209 24 16 1 1
6014 24 17 0 1
3215 24 17 0 1
3215 24 17 6 1
3208 24 17 12 1
6016 25 0 0 1
3215 25 0 0 1
3215 25 0 6 1
3208 25 0 12 1
6015 25 1 0 1
3203 25 1 1 1
6014 25 2 0 1
3203 25 2 1 1
6016 25 3 0 1
3203 25 3 1 1
6015 25 4 0 1
3203 25 4 1 1
6014 25 5 0 1
3203 25 5 1 1
6015 25 6 0 1
3209 25 6 1 1
6017 25 7 0 1
3263 25 7 1 1
1312 25 8 0 1
1311 25 9 0 1
6013 25 10 0 1
3263 25 10 1 1
6013 25 11 0 1
3209 25 11 1 1
6017 25 12 0 1
3203 25 12 1 1
6017 25 13 0 1
3203 25 13 1 1
6014 25 14 0 1
3203 25 14 1 1
6014 25 15 0 1
3203 25 15 1 1
6013 25 16 0 1
3203 25 16 1 1
6016 25 17 0 1
3215 25 17 0 1
3215 25 17 6 1
3208 25 17 12 1
6017 26 0 0 1
3215 26 0 0 1
3215 26 0 6 1
3208 26 0 12 1
6015 26 1 0 1
6016 26 2 0 1
6017 26 3 0 1
6014 26 4 0 1
6015 26 5 0 1
3203 26 5 1 1
6013 26 6 0 1
3209 26 6 1 1
6013 26 7 0 1
3263 26 7 1 1
1312 26 8 0 1
1312 26 9 0 1
6013 26 10 0 1
3263 26 10 1 1
6017 26 11 0 1
3209 26 11 1 1
6017 26 12 0 1
3203 26 12 1 1
6016 26 13 0 1
6014 26 14 0 1
6013 26 15 0 1
6017 26 16 0 1
6017 26 17 0 1
3215 26 17 0 1
3215 26 17 6 1
3208 26 17 12 1
6013 27 0 0 1
3215 27 0 0 1
3215 27 0 6 1
3208 27 0 12 1
6013 27 1 0 1
6013 27 2 0 1
6016 27 3 0 1
6015 27 4 0 1
6014 27 5 0 1
3203 27 5 1 1
6014 27 6 0 1
3209 27 6 1 1
6017 27 7 0 1
3263 27 7 1 1
1311 27 8 0 1
1309 27 9 0 1
6017 27 10 0 1
3263 27 10 1 1
6016 27 11 0 1
3209 27 11 1 1
6016 27 12 0 1
3203 27 12 1 1
6017 27 13 0 1
6013 27 14 0 1
6014 27 15 0 1
6015 27 16 0 1
6015 27 17 0 1
3215 27 17 0 1
3215 27 17 6 1
3208 27 17 12 1
6014 28 0 0 1
3215 28 0 0 1
3215 28 0 6 1
3208 28 0 12 1
6016 28 1 0 1
6017 28 2 0 1
6015 28 3 0 1
3283 28 3 1 1
3284 28 3 2 1
6016 28 4 0 1
6017 28 5 0 1
3203 28 5 1 1
6014 28 6 0 1
3209 28 6 1 1
6013 28 7 0 1
3263 28 7 1 1
1310 28 8 0 1
1310 28 9 0 1
6014 28 10 0 1
3263 28 10 1 1
6017 28 11 0 1
3209 28 11 1 1
6017 28 12 0 1
3203 28 12 1 1
6016 28 13 0 1
6016 28 14 0 1
6017 28 15 0 1
3283 28 15 1 1
3284 28 15 2 1
6016 28 16 0 1
6013 28 17 0 1
3215 28 17 0 1
3215 28 17 6 1
3208 28 17 12 1
6014 29 0 0 1
3215 29 0 0 1
3215 29 0 6 1
3208 29 0 12 1
6016 29 1 0 1
6016 29 2 0 1
6017 29 3 0 1
6013 29 4 0 1
6014 29 5 0 1
3203 29 5 1 1
6013 29 6 0 1
3209 29 6 1 1
6016 29 7 0 1
3263 29 7 1 1
1311 29 8 0 1
1310 29 9 0 1
6017 29 10 0 1
3263 29 10 1 1
6013 29 11 0 1
3209 29 11 1 1
6013 29 12 0 1
3203 29 12 1 1
6013 29 13 0 1
6014 29 14 0 1
6017 29 15 0 1
6017 29 16 0 1
6016 29 17 0 1
3215 29 17 0 1
3215 29 17 6 1
3208 29 17 12 1
6014 30 0 0 1
3215 30 0 0 1
4553 30 0 6 1
6013 30 1 0 1
3215 30 1 0 1
3215 30 1 6 1
3208 30 1 12 1
6013 30 2 0 1
3215 30 2 0 1
3215 30 2 6 1
3208 30 2 12 1
6014 30 3 0 1
3215 30 3 0 1
3215 30 3 6 1
3208 30 3 12 1
6017 30 4 0 1
3215 30 4 0 1
3215 30 4 6 1
3208 30 4 12 1
6016 30 5 0 1
3215 30 5 0 1
3215 30 5 6 1
3208 30 5 12 1
6015 30 6 0 1
3215 30 6 0 1
3215 30 6 6 1
3208 30 6 12 1
6015 30 7 0 1
3215 30 7 0 1
3215 30 7 6 1
3215 30 7 12 1
3215 30 7 18 1
1312 30 8 0 1
1311 30 9 0 1
6015 30 10 0 1
3215 30 10 0 1
3215 30 10 6 1
3215 30 10 12 1
3215 30 10 18 1
6017 30 11 0 1
3215 30 11 0 1
3215 30 11 6 1
3208 30 11 12 1
6016 30 12 0 1
3215 30 12 0 1
3215 30 12 6 1
3208 30 12 12 1
6017 30 13 0 1
3215 30 13 0 1
3215 30 13 6 1
3208 30 13 12 1
6016 30 14 0 1
3215 30 14 0 1
3215 30 14 6 1
3208 30 14 12 1
6014 30 15 0 1
3215 30 15 0 1
3215 30 15 6 1
3208 30 15 12 1
6015 30 16 0 1
3215 30 16 0 1
3215 30 16 6 1
3208 30 16 12 1
6014 30 17 0 1
3215 30 17 0 1
4553 30 17 6 1
3215 0 7 20 1
3263 0 7 26 1
3215 0 8 20 1
3209 0 8 26 1
3215 0 9 20 1
3209 0 9 26 1
3215 0 10 20 1
3263 0 10 26 1
3215 20 0 20 1
3263 20 0 26 1
1311 20 7 20 1
4554 20 7 22 1
1310 20 11 20 1
4554 20 11 22 1
3215 20 17 20 1
3263 20 17 26 1
3215 21 0 20 1
3209 21 0 26 1
3215 21 17 20 1
3209 21 17 26 1
3215 22 0 20 1
3209 22 0 26 1
3215 22 17 20 1
3209 22 17 26 1
3215 23 0 20 1
3263 23 0 26 1
3215 23 17 20 1
3263 23 17 26 1
1310 24 7 20 1
4554 24 7 22 1
1310 24 11 20 1
4554 24 11 22 1
3215 30 7 20 1
3263 30 7 26 1
3215 30 8 20 1
3209 30 8 26 1
3215 30 9 20 1
3209 30 9 26 1
3215 30 10 20 1
3263 30 10 26 1
