6 version
1 template id
-1 item version
3209 num components
6017 0 0 0 1
6017 0 1 0 1
6015 0 2 0 1
6014 0 3 0 1
6014 0 4 0 1
6013 0 5 0 1
3213 0 5 1 1
6016 0 6 0 1
3212 0 6 1 1
6013 0 7 0 1
6017 0 8 0 1
6016 0 9 0 1
6013 0 10 0 1
6014 0 11 0 1
3212 0 11 1 1
6017 0 12 0 1
3212 0 12 1 1
6016 0 13 0 1
3212 0 13 1 1
6016 0 14 0 1
3203 0 14 1 1
6013 0 15 0 1
3203 0 15 1 1
6017 0 16 0 1
6014 0 17 0 1
6014 0 18 0 1
6014 0 19 0 1
6014 0 20 0 1
3213 0 20 1 1
6015 0 21 0 1
6015 0 22 0 1
3212 0 22 1 1
6017 0 23 0 1
3203 0 23 1 1
6014 0 24 0 1
6015 0 25 0 1
3213 0 25 1 1
6016 0 26 0 1
3212 0 26 1 1
6015 0 27 0 1
6016 0 28 0 1
6017 0 29 0 1
6015 0 30 0 1
6014 0 31 0 1
6014 0 32 0 1
6015 0 33 0 1
6014 0 34 0 1
6017 0 35 0 1
3213 0 35 1 1
6014 0 36 0 1
6013 0 37 0 1
6014 0 38 0 1
6015 0 39 0 1
6015 0 40 0 1
6016 0 41 0 1
6015 0 42 0 1
6014 0 43 0 1
6015 0 44 0 1
6016 0 45 0 1
3206 0 45 1 1
6016 0 46 0 1
6013 0 47 0 1
3206 0 47 1 1
6013 0 48 0 1
6013 0 49 0 1
6016 0 50 0 1
6017 0 51 0 1
6013 0 52 0 1
3203 0 52 1 1
6014 0 53 0 1
6014 0 54 0 1
6014 1 0 0 1
3204 1 0 1 1
6014 1 1 0 1
6015 1 2 0 1
3204 1 2 1 1
6017 1 3 0 1
3206 1 3 1 1
6016 1 4 0 1
3213 1 4 1 1
6014 1 5 0 1
3206 1 5 1 1
6014 1 6 0 1
3212 1 6 1 1
6015 1 7 0 1
3213 1 7 1 1
6013 1 8 0 1
3203 1 8 1 1
6014 1 9 0 1
3203 1 9 1 1
6017 1 10 0 1
6017 1 11 0 1
3203 1 11 1 1
6014 1 12 0 1
3212 1 12 1 1
6014 1 13 0 1
3212 1 13 1 1
6017 1 14 0 1
6016 1 15 0 1
3212 1 15 1 1
6016 1 16 0 1
3212 1 16 1 1
6017 1 17 0 1
3206 1 17 1 1
6016 1 18 0 1
3212 1 18 1 1
6016 1 19 0 1
3212 1 19 1 1
6015 1 20 0 1
3212 1 20 1 1
6013 1 21 0 1
6014 1 22 0 1
3213 1 22 1 1
6015 1 23 0 1
3206 1 23 1 1
6016 1 24 0 1
6016 1 25 0 1
3213 1 25 1 1
6016 1 26 0 1
3206 1 26 1 1
6014 1 27 0 1
3203 1 27 1 1
6015 1 28 0 1
6014 1 29 0 1
3203 1 29 1 1
6015 1 30 0 1
3213 1 30 1 1
6013 1 31 0 1
3206 1 31 1 1
6013 1 32 0 1
6014 1 33 0 1
3203 1 33 1 1
6013 1 34 0 1
6015 1 35 0 1
6017 1 36 0 1
6014 1 37 0 1
6015 1 38 0 1
6014 1 39 0 1
6014 1 40 0 1
3206 1 40 1 1
6014 1 41 0 1
6014 1 42 0 1
6017 1 43 0 1
6016 1 44 0 1
6016 1 45 0 1
6015 1 46 0 1
6016 1 47 0 1
6014 1 48 0 1
6014 1 49 0 1
6013 1 50 0 1
6017 1 51 0 1
6015 1 52 0 1
6015 1 53 0 1
6016 1 54 0 1
3203 1 54 1 1
6014 2 0 0 1
3204 2 0 1 1
6017 2 1 0 1
3212 2 1 1 1
6013 2 2 0 1
3212 2 2 1 1
6013 2 3 0 1
3212 2 3 1 1
6017 2 4 0 1
6015 2 5 0 1
3203 2 5 1 1
6017 2 6 0 1
3206 2 6 1 1
6017 2 7 0 1
3206 2 7 1 1
6017 2 8 0 1
3212 2 8 1 1
6017 2 9 0 1
3212 2 9 1 1
6016 2 10 0 1
6016 2 11 0 1
3213 2 11 1 1
6017 2 12 0 1
6014 2 13 0 1
3213 2 13 1 1
6014 2 14 0 1
6017 2 15 0 1
3213 2 15 1 1
6014 2 16 0 1
3206 2 16 1 1
6014 2 17 0 1
6015 2 18 0 1
3213 2 18 1 1
6015 2 19 0 1
6014 2 20 0 1
3206 2 20 1 1
6016 2 21 0 1
3203 2 21 1 1
6015 2 22 0 1
3212 2 22 1 1
6016 2 23 0 1
6013 2 24 0 1
3212 2 24 1 1
6014 2 25 0 1
6017 2 26 0 1
3213 2 26 1 1
6013 2 27 0 1
3206 2 27 1 1
6014 2 28 0 1
3203 2 28 1 1
6013 2 29 0 1
6015 2 30 0 1
6015 2 31 0 1
3213 2 31 1 1
6016 2 32 0 1
3213 2 32 1 1
6016 2 33 0 1
6016 2 34 0 1
6016 2 35 0 1
6016 2 36 0 1
6013 2 37 0 1
6016 2 38 0 1
6016 2 39 0 1
6014 2 40 0 1
6015 2 41 0 1
6015 2 42 0 1
6017 2 43 0 1
6017 2 44 0 1
6017 2 45 0 1
6015 2 46 0 1
6015 2 47 0 1
6017 2 48 0 1
6014 2 49 0 1
6016 2 50 0 1
6015 2 51 0 1
6013 2 52 0 1
6013 2 53 0 1
6014 2 54 0 1
6015 3 0 0 1
6015 3 1 0 1
6014 3 2 0 1
3212 3 2 1 1
6013 3 3 0 1
3212 3 3 1 1
6016 3 4 0 1
3212 3 4 1 1
6016 3 5 0 1
3212 3 5 1 1
6017 3 6 0 1
6015 3 7 0 1
6016 3 8 0 1
6014 3 9 0 1
6013 3 10 0 1
6013 3 11 0 1
6013 3 12 0 1
6015 3 13 0 1
6016 3 14 0 1
6013 3 15 0 1
6013 3 16 0 1
6016 3 17 0 1
3212 3 17 1 1
6016 3 18 0 1
6013 3 19 0 1
6017 3 20 0 1
6014 3 21 0 1
6015 3 22 0 1
6017 3 23 0 1
6013 3 24 0 1
6016 3 25 0 1
3218 3 25 0 1
6014 3 26 0 1
3218 3 26 0 1
6013 3 27 0 1
6017 3 28 0 1
6015 3 29 0 1
6017 3 30 0 1
6015 3 31 0 1
6015 3 32 0 1
6014 3 33 0 1
6014 3 34 0 1
6014 3 35 0 1
6015 3 36 0 1
3496 3 36 0 1
3495 3 36 1 1
6013 3 37 0 1
6017 3 38 0 1
6013 3 39 0 1
3290 3 39 0 1
3291 3 39 2 1
6015 3 40 0 1
6017 3 41 0 1
6016 3 42 0 1
6016 3 43 0 1
6016 3 44 0 1
3299 3 44 0 1
3300 3 44 2 1
6016 3 45 0 1
6015 3 46 0 1
6013 3 47 0 1
3496 3 47 0 1
3495 3 47 1 1
6013 3 48 0 1
6013 3 49 0 1
6015 3 50 0 1
3299 3 50 0 1
3300 3 50 2 1
6017 3 51 0 1
6014 3 52 0 1
6017 3 53 0 1
3496 3 53 0 1
3495 3 53 1 1
6015 3 54 0 1
6014 4 0 0 1
6017 4 1 0 1
3204 4 1 1 1
6015 4 2 0 1
3204 4 2 1 1
6017 4 3 0 1
6017 4 4 0 1
3212 4 4 1 1
6014 4 5 0 1
3212 4 5 1 1
6016 4 6 0 1
3213 4 6 1 1
6015 4 7 0 1
6014 4 8 0 1
970 4 8 0 1
6014 4 9 0 1
991 4 9 0 1
6016 4 10 0 1
991 4 10 0 1
6016 4 11 0 1
984 4 11 0 1
6016 4 12 0 1
994 4 12 0 1
6014 4 13 0 1
991 4 13 0 1
6015 4 14 0 1
991 4 14 0 1
6016 4 15 0 1
984 4 15 0 1
6017 4 16 0 1
994 4 16 0 1
6017 4 17 0 1
994 4 17 0 1
6016 4 18 0 1
991 4 18 0 1
6016 4 19 0 1
991 4 19 0 1
6017 4 20 0 1
969 4 20 0 1
6015 4 21 0 1
973 4 21 0 1
6017 4 22 0 1
981 4 22 0 1
6013 4 23 0 1
973 4 23 0 1
6014 4 24 0 1
973 4 24 0 1
6014 4 25 0 1
973 4 25 0 1
6014 4 26 0 1
3218 4 26 0 1
6013 4 27 0 1
6016 4 28 0 1
6017 4 29 0 1
6013 4 30 0 1
6013 4 31 0 1
6015 4 32 0 1
6017 4 33 0 1
6017 4 34 0 1
6014 4 35 0 1
6017 4 36 0 1
6014 4 37 0 1
6013 4 38 0 1
6017 4 39 0 1
6017 4 40 0 1
6014 4 41 0 1
6014 4 42 0 1
6014 4 43 0 1
6013 4 44 0 1
6013 4 45 0 1
6016 4 46 0 1
3206 4 46 1 1
6017 4 47 0 1
6016 4 48 0 1
6015 4 49 0 1
6015 4 50 0 1
6013 4 51 0 1
6016 4 52 0 1
6014 4 53 0 1
6015 4 54 0 1
6017 5 0 0 1
6013 5 1 0 1
3204 5 1 1 1
6015 5 2 0 1
6015 5 3 0 1
3204 5 3 1 1
6015 5 4 0 1
6013 5 5 0 1
6016 5 6 0 1
3213 5 6 1 1
6017 5 7 0 1
6015 5 8 0 1
990 5 8 0 1
1324 5 9 0 1
4014 5 9 0 1
2845 5 9 8 1
1324 5 10 0 1
1324 5 11 0 1
6431 5 11 0 1
2459 5 11 8 1
2845 5 11 16 1
1324 5 12 0 1
2602 5 12 0 1
1321 5 13 0 1
1324 5 14 0 1
1324 5 15 0 1
1324 5 16 0 1
980 5 16 0 1
1395 5 17 0 1
1400 5 18 0 1
1396 5 19 0 1
1399 5 20 0 1
993 5 20 0 1
12791 5 21 0 1
2881 5 21 1 1
12791 5 22 0 1
2882 5 22 1 1
12789 5 23 0 1
3894 5 23 1 1
12790 5 24 0 1
12788 5 25 0 1
972 5 25 0 1
6015 5 26 0 1
3513 5 26 0 1
6017 5 27 0 1
6016 5 28 0 1
6013 5 29 0 1
6016 5 30 0 1
6014 5 31 0 1
6016 5 32 0 1
3280 5 32 1 1
3282 5 32 2 1
6014 5 33 0 1
6017 5 34 0 1
6017 5 35 0 1
3299 5 35 0 1
3300 5 35 2 1
6014 5 36 0 1
6016 5 37 0 1
6015 5 38 0 1
6013 5 39 0 1
6014 5 40 0 1
6014 5 41 0 1
6013 5 42 0 1
3280 5 42 1 1
3282 5 42 2 1
6017 5 43 0 1
6017 5 44 0 1
6017 5 45 0 1
3290 5 45 0 1
3291 5 45 2 1
6015 5 46 0 1
6014 5 47 0 1
6016 5 48 0 1
6014 5 49 0 1
6017 5 50 0 1
6016 5 51 0 1
6013 5 52 0 1
6016 5 53 0 1
3329 5 53 0 1
3330 5 53 1 1
6015 5 54 0 1
6014 6 0 0 1
6016 6 1 0 1
6013 6 2 0 1
6017 6 3 0 1
3212 6 3 1 1
6015 6 4 0 1
3206 6 4 1 1
6013 6 5 0 1
3213 6 5 1 1
6017 6 6 0 1
3213 6 6 1 1
6016 6 7 0 1
6016 6 8 0 1
990 6 8 0 1
1323 6 9 0 1
1322 6 10 0 1
1322 6 11 0 1
6430 6 11 0 1
5644 6 11 8 1
1321 6 12 0 1
2602 6 12 0 1
1324 6 13 0 1
1321 6 14 0 1
1324 6 15 0 1
1322 6 16 0 1
972 6 16 0 1
1396 6 17 0 1
1396 6 18 0 1
1397 6 19 0 1
1398 6 20 0 1
2186 6 20 0 1
12788 6 21 0 1
12788 6 22 0 1
12789 6 23 0 1
3892 6 23 1 1
12788 6 24 0 1
12790 6 25 0 1
972 6 25 0 1
6017 6 26 0 1
3513 6 26 0 1
6017 6 27 0 1
6016 6 28 0 1
6015 6 29 0 1
6014 6 30 0 1
6013 6 31 0 1
6015 6 32 0 1
6015 6 33 0 1
6016 6 34 0 1
6015 6 35 0 1
3206 6 35 1 1
6015 6 36 0 1
6017 6 37 0 1
6015 6 38 0 1
6016 6 39 0 1
6015 6 40 0 1
6016 6 41 0 1
6016 6 42 0 1
6016 6 43 0 1
6017 6 44 0 1
6017 6 45 0 1
6017 6 46 0 1
6015 6 47 0 1
6013 6 48 0 1
6015 6 49 0 1
6013 6 50 0 1
6017 6 51 0 1
6013 6 52 0 1
6014 6 53 0 1
6014 6 54 0 1
6017 7 0 0 1
6017 7 1 0 1
3212 7 1 1 1
6016 7 2 0 1
3213 7 2 1 1
6013 7 3 0 1
6015 7 4 0 1
3206 7 4 1 1
6013 7 5 0 1
6013 7 6 0 1
6016 7 7 0 1
6014 7 8 0 1
972 7 8 0 1
1324 7 9 0 1
1322 7 10 0 1
1322 7 11 0 1
6430 7 11 0 1
2430 7 11 8 1
1323 7 12 0 1
2602 7 12 0 1
1324 7 13 0 1
1324 7 14 0 1
1321 7 15 0 1
1324 7 16 0 1
1701 7 16 0 1
1396 7 17 0 1
1398 7 18 0 1
1400 7 19 0 1
1400 7 20 0 1
2154 7 20 0 1
12791 7 21 0 1
12789 7 22 0 1
3892 7 22 1 1
12788 7 23 0 1
12791 7 24 0 1
12789 7 25 0 1
972 7 25 0 1
6013 7 26 0 1
3513 7 26 0 1
6013 7 27 0 1
6013 7 28 0 1
6017 7 29 0 1
6017 7 30 0 1
3299 7 30 0 1
3300 7 30 2 1
6017 7 31 0 1
6013 7 32 0 1
6016 7 33 0 1
6014 7 34 0 1
6014 7 35 0 1
6017 7 36 0 1
6017 7 37 0 1
6017 7 38 0 1
6015 7 39 0 1
3296 7 39 0 1
3298 7 39 2 1
6015 7 40 0 1
6014 7 41 0 1
6017 7 42 0 1
6013 7 43 0 1
6016 7 44 0 1
6013 7 45 0 1
6015 7 46 0 1
6014 7 47 0 1
6017 7 48 0 1
6013 7 49 0 1
6017 7 50 0 1
6015 7 51 0 1
3296 7 51 0 1
3298 7 51 2 1
6015 7 52 0 1
6016 7 53 0 1
6013 7 54 0 1
6014 8 0 0 1
3212 8 0 1 1
6014 8 1 0 1
6014 8 2 0 1
3213 8 2 1 1
6013 8 3 0 1
3213 8 3 1 1
6014 8 4 0 1
6014 8 5 0 1
3204 8 5 1 1
6014 8 6 0 1
6017 8 7 0 1
6014 8 8 0 1
972 8 8 0 1
1324 8 9 0 1
1324 8 10 0 1
6429 8 10 0 1
2451 8 10 10 1
1322 8 11 0 1
6419 8 11 0 1
2503 8 11 14 1
1323 8 12 0 1
1322 8 13 0 1
1324 8 14 0 1
1324 8 15 0 1
1324 8 16 0 1
1703 8 16 0 1
1399 8 17 0 1
1397 8 18 0 1
1400 8 19 0 1
1397 8 20 0 1
2156 8 20 0 1
12790 8 21 0 1
12791 8 22 0 1
12790 8 23 0 1
12788 8 24 0 1
12791 8 25 0 1
972 8 25 0 1
6015 8 26 0 1
3218 8 26 0 1
6014 8 27 0 1
6013 8 28 0 1
6013 8 29 0 1
6013 8 30 0 1
6015 8 31 0 1
6015 8 32 0 1
6014 8 33 0 1
3290 8 33 0 1
3291 8 33 2 1
6013 8 34 0 1
6015 8 35 0 1
6016 8 36 0 1
6015 8 37 0 1
6013 8 38 0 1
6014 8 39 0 1
6015 8 40 0 1
6017 8 41 0 1
6013 8 42 0 1
3299 8 42 0 1
3300 8 42 2 1
6013 8 43 0 1
6013 8 44 0 1
6016 8 45 0 1
6013 8 46 0 1
6013 8 47 0 1
6016 8 48 0 1
3299 8 48 0 1
3300 8 48 2 1
6015 8 49 0 1
6013 8 50 0 1
6017 8 51 0 1
6017 8 52 0 1
6013 8 53 0 1
3299 8 53 0 1
3300 8 53 2 1
6013 8 54 0 1
6015 9 0 0 1
6016 9 1 0 1
6015 9 2 0 1
3204 9 2 1 1
6016 9 3 0 1
3212 9 3 1 1
6013 9 4 0 1
6015 9 5 0 1
3204 9 5 1 1
6017 9 6 0 1
6013 9 7 0 1
6015 9 8 0 1
993 9 8 0 1
1322 9 9 0 1
1323 9 10 0 1
1322 9 11 0 1
1324 9 12 0 1
1322 9 13 0 1
1322 9 14 0 1
1323 9 15 0 1
1323 9 16 0 1
972 9 16 0 1
1399 9 17 0 1
4552 9 17 1 1
1398 9 18 0 1
1397 9 19 0 1
1395 9 20 0 1
2186 9 20 0 1
12788 9 21 0 1
12790 9 22 0 1
4022 9 22 1 1
12788 9 23 0 1
12788 9 24 0 1
12788 9 25 0 1
972 9 25 0 1
6013 9 26 0 1
3308 9 26 1 1
3218 9 26 1 1
6015 9 27 0 1
6015 9 28 0 1
6014 9 29 0 1
6015 9 30 0 1
6017 9 31 0 1
6017 9 32 0 1
6017 9 33 0 1
6017 9 34 0 1
6016 9 35 0 1
6017 9 36 0 1
3299 9 36 0 1
3300 9 36 2 1
6017 9 37 0 1
6013 9 38 0 1
6017 9 39 0 1
3329 9 39 0 1
3330 9 39 1 1
6015 9 40 0 1
6017 9 41 0 1
3206 9 41 1 1
6016 9 42 0 1
6014 9 43 0 1
6017 9 44 0 1
6015 9 45 0 1
3290 9 45 0 1
3291 9 45 2 1
6014 9 46 0 1
6017 9 47 0 1
6014 9 48 0 1
6014 9 49 0 1
6013 9 50 0 1
3290 9 50 0 1
3291 9 50 2 1
6017 9 51 0 1
6014 9 52 0 1
6016 9 53 0 1
6015 9 54 0 1
249 9 54 0 1
1180 9 55 0 1
1180 9 56 0 1
1180 9 57 0 1
6013 10 0 0 1
6016 10 1 0 1
6015 10 2 0 1
3204 10 2 1 1
6015 10 3 0 1
6015 10 4 0 1
6017 10 5 0 1
3212 10 5 1 1
6014 10 6 0 1
6017 10 7 0 1
6015 10 8 0 1
990 10 8 0 1
1324 10 9 0 1
1321 10 10 0 1
1324 10 11 0 1
1322 10 12 0 1
1322 10 13 0 1
982 10 13 0 1
1322 10 14 0 1
981 10 14 0 1
1321 10 15 0 1
981 10 15 0 1
1321 10 16 0 1
979 10 16 0 1
1397 10 17 0 1
966 10 17 0 1
1396 10 18 0 1
1396 10 19 0 1
1398 10 20 0 1
983 10 20 0 1
12790 10 21 0 1
981 10 21 0 1
12790 10 22 0 1
994 10 22 0 1
12790 10 23 0 1
2164 10 23 0 1
12790 10 24 0 1
2162 10 24 0 1
12788 10 25 0 1
971 10 25 0 1
6017 10 26 0 1
3310 10 26 1 1
6014 10 27 0 1
6015 10 28 0 1
933 10 28 0 1
2842 10 28 5 1
6014 10 29 0 1
6014 10 30 0 1
6017 10 31 0 1
3329 10 31 0 1
3330 10 31 1 1
6013 10 32 0 1
6014 10 33 0 1
933 10 33 0 1
2842 10 33 5 1
6013 10 34 0 1
6016 10 35 0 1
6014 10 36 0 1
6015 10 37 0 1
6017 10 38 0 1
933 10 38 0 1
2842 10 38 5 1
6014 10 39 0 1
6014 10 40 0 1
6013 10 41 0 1
6016 10 42 0 1
6013 10 43 0 1
933 10 43 0 1
2842 10 43 5 1
6013 10 44 0 1
6014 10 45 0 1
6016 10 46 0 1
6015 10 47 0 1
6015 10 48 0 1
933 10 48 0 1
2842 10 48 5 1
6013 10 49 0 1
6015 10 50 0 1
6016 10 51 0 1
6014 10 52 0 1
6013 10 53 0 1
933 10 53 0 1
2842 10 53 5 1
6013 10 54 0 1
1082 10 54 0 1
1180 10 55 0 1
1180 10 56 0 1
1180 10 57 0 1
6017 11 0 0 1
3204 11 0 1 1
6016 11 1 0 1
6015 11 2 0 1
3203 11 2 1 1
6014 11 3 0 1
3206 11 3 1 1
6014 11 4 0 1
6017 11 5 0 1
3204 11 5 1 1
6016 11 6 0 1
6014 11 7 0 1
6015 11 8 0 1
990 11 8 0 1
1323 11 9 0 1
1322 11 10 0 1
1324 11 11 0 1
1323 11 12 0 1
1321 11 13 0 1
980 11 13 0 1
6041 11 14 0 1
6043 11 15 0 1
6042 11 16 0 1
6040 11 17 0 1
954 11 17 0 1
1398 11 18 0 1
1398 11 19 0 1
1398 11 20 0 1
1400 11 21 0 1
1396 11 22 0 1
990 11 22 0 1
6015 11 23 0 1
6013 11 24 0 1
6015 11 25 0 1
3312 11 25 1 1
6017 11 26 0 1
1180 11 27 0 1
1180 11 28 0 1
1180 11 29 0 1
1180 11 30 0 1
1180 11 31 0 1
1180 11 32 0 1
1180 11 33 0 1
1180 11 34 0 1
1180 11 35 0 1
1180 11 36 0 1
1180 11 37 0 1
1180 11 38 0 1
1180 11 39 0 1
1180 11 40 0 1
1180 11 41 0 1
1180 11 42 0 1
1180 11 43 0 1
1180 11 44 0 1
1180 11 45 0 1
1180 11 46 0 1
1180 11 47 0 1
1180 11 48 0 1
1180 11 49 0 1
1180 11 50 0 1
1180 11 51 0 1
1180 11 52 0 1
1180 11 53 0 1
1180 11 54 0 1
1081 11 54 0 1
1180 11 55 0 1
1180 11 56 0 1
1180 11 57 0 1
6013 12 0 0 1
6013 12 1 0 1
6014 12 2 0 1
3206 12 2 1 1
6017 12 3 0 1
3204 12 3 1 1
6015 12 4 0 1
6015 12 5 0 1
3212 12 5 1 1
6017 12 6 0 1
6015 12 7 0 1
6017 12 8 0 1
983 12 8 0 1
1323 12 9 0 1
1324 12 10 0 1
1323 12 11 0 1
1321 12 12 0 1
1324 12 13 0 1
983 12 13 0 1
6043 12 14 0 1
6039 12 15 0 1
13561 12 15 0 1
13556 12 15 10 1
6044 12 16 0 1
13561 12 16 0 1
13556 12 16 10 1
6041 12 17 0 1
954 12 17 0 1
1396 12 18 0 1
1398 12 19 0 1
1397 12 20 0 1
1395 12 21 0 1
1398 12 22 0 1
990 12 22 0 1
6014 12 23 0 1
6017 12 24 0 1
6013 12 25 0 1
6014 12 26 0 1
1180 12 27 0 1
1180 12 28 0 1
1180 12 29 0 1
1180 12 30 0 1
1180 12 31 0 1
1180 12 32 0 1
1180 12 33 0 1
1180 12 34 0 1
1180 12 35 0 1
1180 12 36 0 1
1180 12 37 0 1
1180 12 38 0 1
1180 12 39 0 1
1180 12 40 0 1
1180 12 41 0 1
1180 12 42 0 1
1180 12 43 0 1
1180 12 44 0 1
1180 12 45 0 1
1180 12 46 0 1
1180 12 47 0 1
1180 12 48 0 1
1180 12 49 0 1
1180 12 50 0 1
1180 12 51 0 1
1180 12 52 0 1
1180 12 53 0 1
1180 12 54 0 1
1082 12 54 0 1
1180 12 55 0 1
1180 12 56 0 1
1180 12 57 0 1
6014 13 0 0 1
6013 13 1 0 1
3212 13 1 1 1
6016 13 2 0 1
3206 13 2 1 1
6014 13 3 0 1
3206 13 3 1 1
6013 13 4 0 1
3204 13 4 1 1
6015 13 5 0 1
3203 13 5 1 1
6016 13 6 0 1
6013 13 7 0 1
6017 13 8 0 1
972 13 8 0 1
1322 13 9 0 1
994 13 9 0 1
1322 13 10 0 1
966 13 10 0 1
1322 13 11 0 1
1323 13 12 0 1
964 13 12 0 1
1324 13 13 0 1
992 13 13 0 1
6039 13 14 0 1
6041 13 15 0 1
13567 13 15 0 1
6040 13 16 0 1
13567 13 16 0 1
6043 13 17 0 1
954 13 17 0 1
1400 13 18 0 1
1395 13 19 0 1
1396 13 20 0 1
1400 13 21 0 1
1400 13 22 0 1
1701 13 22 0 1
6017 13 23 0 1
6014 13 24 0 1
6015 13 25 0 1
6015 13 26 0 1
1180 13 27 0 1
1180 13 28 0 1
1180 13 29 0 1
1180 13 30 0 1
1180 13 31 0 1
1180 13 32 0 1
1180 13 33 0 1
1180 13 34 0 1
1180 13 35 0 1
1180 13 36 0 1
1180 13 37 0 1
1180 13 38 0 1
1180 13 39 0 1
1180 13 40 0 1
1180 13 41 0 1
1180 13 42 0 1
1180 13 43 0 1
1180 13 44 0 1
1180 13 45 0 1
1180 13 46 0 1
1180 13 47 0 1
1180 13 48 0 1
1180 13 49 0 1
1180 13 50 0 1
1180 13 51 0 1
1180 13 52 0 1
1180 13 53 0 1
1180 13 54 0 1
1180 13 55 0 1
1180 13 56 0 1
1180 13 57 0 1
6017 14 0 0 1
3204 14 0 1 1
6017 14 1 0 1
6016 14 2 0 1
3206 14 2 1 1
6015 14 3 0 1
3203 14 3 1 1
6017 14 4 0 1
3203 14 4 1 1
6014 14 5 0 1
3212 14 5 1 1
6016 14 6 0 1
6015 14 7 0 1
6014 14 8 0 1
993 14 8 0 1
1398 14 9 0 1
1399 14 10 0 1
1397 14 11 0 1
1399 14 12 0 1
1395 14 13 0 1
954 14 13 0 1
6039 14 14 0 1
6040 14 15 0 1
13573 14 15 0 1
6040 14 16 0 1
13573 14 16 0 1
6041 14 17 0 1
954 14 17 0 1
1397 14 18 0 1
1399 14 19 0 1
1395 14 20 0 1
1399 14 21 0 1
1397 14 22 0 1
1703 14 22 0 1
6015 14 23 0 1
6014 14 24 0 1
6016 14 25 0 1
6017 14 26 0 1
1180 14 27 0 1
1180 14 28 0 1
1180 14 29 0 1
1180 14 30 0 1
1180 14 31 0 1
1180 14 32 0 1
1180 14 33 0 1
1180 14 34 0 1
1180 14 35 0 1
1180 14 36 0 1
1180 14 37 0 1
1180 14 38 0 1
1180 14 39 0 1
1180 14 40 0 1
1180 14 41 0 1
1180 14 42 0 1
1180 14 43 0 1
1180 14 44 0 1
1180 14 45 0 1
1180 14 46 0 1
1180 14 47 0 1
1180 14 48 0 1
1180 14 49 0 1
1180 14 50 0 1
1180 14 51 0 1
1180 14 52 0 1
1180 14 53 0 1
1180 14 54 0 1
1081 14 54 0 1
1180 14 55 0 1
1180 14 56 0 1
1180 14 57 0 1
6016 15 0 0 1
6013 15 1 0 1
3212 15 1 1 1
6015 15 2 0 1
3212 15 2 1 1
6016 15 3 0 1
6013 15 4 0 1
3206 15 4 1 1
6017 15 5 0 1
3212 15 5 1 1
6017 15 6 0 1
6016 15 7 0 1
6017 15 8 0 1
990 15 8 0 1
1400 15 9 0 1
1398 15 10 0 1
1399 15 11 0 1
1400 15 12 0 1
1399 15 13 0 1
963 15 13 0 1
6043 15 14 0 1
966 15 14 0 1
6042 15 15 0 1
953 15 15 0 1
6042 15 16 0 1
953 15 16 0 1
6043 15 17 0 1
959 15 17 0 1
1397 15 18 0 1
1397 15 19 0 1
1400 15 20 0 1
1398 15 21 0 1
1398 15 22 0 1
990 15 22 0 1
6016 15 23 0 1
2164 15 23 0 1
6014 15 24 0 1
2162 15 24 0 1
6014 15 25 0 1
973 15 25 0 1
6014 15 26 0 1
6017 15 27 0 1
6015 15 28 0 1
933 15 28 0 1
2842 15 28 5 1
6013 15 29 0 1
6017 15 30 0 1
6014 15 31 0 1
6015 15 32 0 1
6014 15 33 0 1
933 15 33 0 1
2842 15 33 5 1
6016 15 34 0 1
6013 15 35 0 1
6016 15 36 0 1
6017 15 37 0 1
6014 15 38 0 1
933 15 38 0 1
2842 15 38 5 1
6013 15 39 0 1
6013 15 40 0 1
6016 15 41 0 1
6016 15 42 0 1
6014 15 43 0 1
933 15 43 0 1
2842 15 43 5 1
6013 15 44 0 1
6014 15 45 0 1
6016 15 46 0 1
6014 15 47 0 1
6015 15 48 0 1
933 15 48 0 1
2842 15 48 5 1
6017 15 49 0 1
6014 15 50 0 1
6014 15 51 0 1
6014 15 52 0 1
6017 15 53 0 1
933 15 53 0 1
2842 15 53 5 1
6013 15 54 0 1
1082 15 54 0 1
1180 15 55 0 1
1180 15 56 0 1
1180 15 57 0 1
6013 16 0 0 1
3203 16 0 1 1
6014 16 1 0 1
3203 16 1 1 1
6014 16 2 0 1
3203 16 2 1 1
6013 16 3 0 1
3204 16 3 1 1
6016 16 4 0 1
3203 16 4 1 1
6013 16 5 0 1
3212 16 5 1 1
6017 16 6 0 1
6017 16 7 0 1
6017 16 8 0 1
972 16 8 0 1
1398 16 9 0 1
2898 16 9 0 1
1398 16 10 0 1
2898 16 10 0 1
1399 16 11 0 1
2898 16 11 0 1
1397 16 12 0 1
1398 16 13 0 1
1399 16 14 0 1
1396 16 15 0 1
1395 16 16 0 1
1396 16 17 0 1
1396 16 18 0 1
1400 16 19 0 1
1398 16 20 0 1
1396 16 21 0 1
1397 16 22 0 1
990 16 22 0 1
12788 16 23 0 1
12790 16 24 0 1
12790 16 25 0 1
972 16 25 0 1
6015 16 26 0 1
6017 16 27 0 1
6015 16 28 0 1
6014 16 29 0 1
6016 16 30 0 1
6016 16 31 0 1
6017 16 32 0 1
6015 16 33 0 1
6016 16 34 0 1
6015 16 35 0 1
6016 16 36 0 1
6015 16 37 0 1
6017 16 38 0 1
6014 16 39 0 1
6015 16 40 0 1
6013 16 41 0 1
6014 16 42 0 1
6014 16 43 0 1
6016 16 44 0 1
6014 16 45 0 1
6014 16 46 0 1
6017 16 47 0 1
6015 16 48 0 1
6017 16 49 0 1
6015 16 50 0 1
6016 16 51 0 1
6015 16 52 0 1
6016 16 53 0 1
6017 16 54 0 1
1081 16 54 0 1
1180 16 55 0 1
1180 16 56 0 1
1180 16 57 0 1
6017 17 0 0 1
6016 17 1 0 1
6015 17 2 0 1
6013 17 3 0 1
3203 17 3 1 1
6016 17 4 0 1
3204 17 4 1 1
6014 17 5 0 1
3204 17 5 1 1
6017 17 6 0 1
6017 17 7 0 1
6015 17 8 0 1
972 17 8 0 1
1398 17 9 0 1
2938 17 9 0 1
1395 17 10 0 1
2938 17 10 0 1
1395 17 11 0 1
2935 17 11 0 1
1398 17 12 0 1
1397 17 13 0 1
1395 17 14 0 1
1400 17 15 0 1
1399 17 16 0 1
1397 17 17 0 1
1399 17 18 0 1
1396 17 19 0 1
1395 17 20 0 1
1398 17 21 0 1
1400 17 22 0 1
983 17 22 0 1
12791 17 23 0 1
12788 17 24 0 1
12789 17 25 0 1
972 17 25 0 1
6013 17 26 0 1
6016 17 27 0 1
6013 17 28 0 1
6017 17 29 0 1
6014 17 30 0 1
6015 17 31 0 1
6014 17 32 0 1
6017 17 33 0 1
6017 17 34 0 1
6013 17 35 0 1
6015 17 36 0 1
6013 17 37 0 1
6016 17 38 0 1
6017 17 39 0 1
6013 17 40 0 1
6016 17 41 0 1
6015 17 42 0 1
6016 17 43 0 1
6014 17 44 0 1
6016 17 45 0 1
6013 17 46 0 1
6017 17 47 0 1
6017 17 48 0 1
6017 17 49 0 1
6014 17 50 0 1
6017 17 51 0 1
6015 17 52 0 1
6015 17 53 0 1
6016 17 54 0 1
6016 18 0 0 1
6016 18 1 0 1
3203 18 1 1 1
6014 18 2 0 1
3212 18 2 1 1
6017 18 3 0 1
3203 18 3 1 1
6013 18 4 0 1
3203 18 4 1 1
6017 18 5 0 1
6014 18 6 0 1
6013 18 7 0 1
6014 18 8 0 1
972 18 8 0 1
1395 18 9 0 1
2937 18 9 0 1
1399 18 10 0 1
2938 18 10 0 1
1397 18 11 0 1
2936 18 11 0 1
2842 18 11 13 1
1399 18 12 0 1
1400 18 13 0 1
1400 18 14 0 1
970 18 14 0 1
1397 18 15 0 1
994 18 15 0 1
1396 18 16 0 1
966 18 16 0 1
1399 18 17 0 1
953 18 17 0 1
1395 18 18 0 1
964 18 18 0 1
1399 18 19 0 1
984 18 19 0 1
1400 18 20 0 1
973 18 20 0 1
1397 18 21 0 1
973 18 21 0 1
1396 18 22 0 1
971 18 22 0 1
12790 18 23 0 1
12790 18 24 0 1
12789 18 25 0 1
972 18 25 0 1
6016 18 26 0 1
6017 18 27 0 1
6013 18 28 0 1
6013 18 29 0 1
6015 18 30 0 1
3299 18 30 0 1
3300 18 30 2 1
6015 18 31 0 1
6016 18 32 0 1
3290 18 32 0 1
3291 18 32 2 1
6016 18 33 0 1
6016 18 34 0 1
6016 18 35 0 1
3299 18 35 0 1
3300 18 35 2 1
6017 18 36 0 1
6014 18 37 0 1
6013 18 38 0 1
3329 18 38 0 1
3330 18 38 1 1
6015 18 39 0 1
6014 18 40 0 1
6014 18 41 0 1
6013 18 42 0 1
3329 18 42 0 1
3330 18 42 1 1
6016 18 43 0 1
6017 18 44 0 1
6014 18 45 0 1
6013 18 46 0 1
3299 18 46 0 1
3300 18 46 2 1
6013 18 47 0 1
6013 18 48 0 1
6014 18 49 0 1
6013 18 50 0 1
3290 18 50 0 1
3291 18 50 2 1
6017 18 51 0 1
6014 18 52 0 1
6016 18 53 0 1
6014 18 54 0 1
6015 19 0 0 1
6016 19 1 0 1
3203 19 1 1 1
6013 19 2 0 1
3212 19 2 1 1
6016 19 3 0 1
3203 19 3 1 1
6014 19 4 0 1
3206 19 4 1 1
6014 19 5 0 1
3212 19 5 1 1
6015 19 6 0 1
3212 19 6 1 1
6015 19 7 0 1
6016 19 8 0 1
972 19 8 0 1
1396 19 9 0 1
2901 19 9 0 1
1399 19 10 0 1
2901 19 10 0 1
1398 19 11 0 1
2901 19 11 0 1
1395 19 12 0 1
1398 19 13 0 1
1399 19 14 0 1
983 19 14 0 1
12789 19 15 0 1
3206 19 15 1 1
12788 19 16 0 1
2860 19 16 0 1
12788 19 17 0 1
2860 19 17 0 1
12788 19 18 0 1
2860 19 18 0 1
12789 19 19 0 1
2154 19 19 0 1
12790 19 20 0 1
12790 19 21 0 1
12791 19 22 0 1
12789 19 23 0 1
12791 19 24 0 1
12791 19 25 0 1
972 19 25 0 1
6015 19 26 0 1
6015 19 27 0 1
6017 19 28 0 1
6017 19 29 0 1
6014 19 30 0 1
6013 19 31 0 1
6013 19 32 0 1
6014 19 33 0 1
6017 19 34 0 1
6013 19 35 0 1
6014 19 36 0 1
6014 19 37 0 1
6013 19 38 0 1
6017 19 39 0 1
6013 19 40 0 1
3299 19 40 0 1
3300 19 40 2 1
6014 19 41 0 1
6015 19 42 0 1
6013 19 43 0 1
3290 19 43 0 1
3291 19 43 2 1
6015 19 44 0 1
6016 19 45 0 1
6015 19 46 0 1
6014 19 47 0 1
6014 19 48 0 1
6016 19 49 0 1
6013 19 50 0 1
6015 19 51 0 1
6016 19 52 0 1
6016 19 53 0 1
3329 19 53 0 1
3330 19 53 1 1
6017 19 54 0 1
6015 20 0 0 1
3212 20 0 1 1
6016 20 1 0 1
3212 20 1 1 1
6013 20 2 0 1
3212 20 2 1 1
6016 20 3 0 1
3204 20 3 1 1
6015 20 4 0 1
6017 20 5 0 1
3212 20 5 1 1
6015 20 6 0 1
3212 20 6 1 1
6016 20 7 0 1
6017 20 8 0 1
972 20 8 0 1
1395 20 9 0 1
1397 20 10 0 1
1400 20 11 0 1
1399 20 12 0 1
1399 20 13 0 1
1396 20 14 0 1
972 20 14 0 1
12791 20 15 0 1
3203 20 15 1 1
12791 20 16 0 1
3265 20 16 1 1
12790 20 17 0 1
3210 20 17 1 1
12790 20 18 0 1
12789 20 19 0 1
2156 20 19 0 1
12789 20 20 0 1
12788 20 21 0 1
12789 20 22 0 1
12788 20 23 0 1
12788 20 24 0 1
12789 20 25 0 1
972 20 25 0 1
6013 20 26 0 1
6016 20 27 0 1
6014 20 28 0 1
6013 20 29 0 1
6015 20 30 0 1
6013 20 31 0 1
6014 20 32 0 1
6013 20 33 0 1
6014 20 34 0 1
6016 20 35 0 1
6015 20 36 0 1
6013 20 37 0 1
6017 20 38 0 1
6013 20 39 0 1
6015 20 40 0 1
6015 20 41 0 1
6013 20 42 0 1
6017 20 43 0 1
6013 20 44 0 1
6013 20 45 0 1
6017 20 46 0 1
6016 20 47 0 1
6017 20 48 0 1
6016 20 49 0 1
3496 20 49 0 1
3495 20 49 1 1
6013 20 50 0 1
6016 20 51 0 1
6014 20 52 0 1
6013 20 53 0 1
6014 20 54 0 1
6016 21 0 0 1
6016 21 1 0 1
3203 21 1 1 1
6014 21 2 0 1
3206 21 2 1 1
6013 21 3 0 1
3204 21 3 1 1
6016 21 4 0 1
3206 21 4 1 1
6013 21 5 0 1
6014 21 6 0 1
6014 21 7 0 1
3218 21 7 0 1
6013 21 8 0 1
972 21 8 0 1
1395 21 9 0 1
973 21 9 0 1
1395 21 10 0 1
973 21 10 0 1
1398 21 11 0 1
973 21 11 0 1
1396 21 12 0 1
973 21 12 0 1
1397 21 13 0 1
973 21 13 0 1
1395 21 14 0 1
971 21 14 0 1
12789 21 15 0 1
12789 21 16 0 1
3213 21 16 1 1
12790 21 17 0 1
3212 21 17 1 1
12789 21 18 0 1
3208 21 18 1 1
12788 21 19 0 1
972 21 19 0 1
12791 21 20 0 1
973 21 20 0 1
12789 21 21 0 1
973 21 21 0 1
12791 21 22 0 1
973 21 22 0 1
12790 21 23 0 1
973 21 23 0 1
12790 21 24 0 1
973 21 24 0 1
12790 21 25 0 1
971 21 25 0 1
6017 21 26 0 1
3218 21 26 0 1
6016 21 27 0 1
6014 21 28 0 1
3213 21 28 1 1
6014 21 29 0 1
6015 21 30 0 1
6017 21 31 0 1
3280 21 31 0 1
3282 21 31 2 1
6015 21 32 0 1
6013 21 33 0 1
6013 21 34 0 1
6016 21 35 0 1
3296 21 35 0 1
3298 21 35 2 1
6016 21 36 0 1
6016 21 37 0 1
3290 21 37 0 1
3291 21 37 2 1
6014 21 38 0 1
6013 21 39 0 1
6014 21 40 0 1
6013 21 41 0 1
6015 21 42 0 1
6016 21 43 0 1
6013 21 44 0 1
6016 21 45 0 1
6013 21 46 0 1
6017 21 47 0 1
3296 21 47 0 1
3298 21 47 2 1
6016 21 48 0 1
6015 21 49 0 1
6016 21 50 0 1
6013 21 51 0 1
6014 21 52 0 1
3213 21 52 1 1
6017 21 53 0 1
3206 21 53 1 1
6015 21 54 0 1
6016 22 0 0 1
6014 22 1 0 1
3203 22 1 1 1
6013 22 2 0 1
3204 22 2 1 1
6014 22 3 0 1
3203 22 3 1 1
6017 22 4 0 1
3206 22 4 1 1
6015 22 5 0 1
6017 22 6 0 1
6014 22 7 0 1
3218 22 7 0 1
6014 22 8 0 1
3218 22 8 0 1
6017 22 9 0 1
3512 22 9 0 1
6013 22 10 0 1
3512 22 10 0 1
6015 22 11 0 1
3218 22 11 0 1
6013 22 12 0 1
3218 22 12 0 1
6015 22 13 0 1
3218 22 13 0 1
6013 22 14 0 1
6015 22 15 0 1
3233 22 15 1 1
6014 22 16 0 1
6013 22 17 0 1
3224 22 17 1 1
6014 22 18 0 1
3231 22 18 1 1
6013 22 19 0 1
6013 22 20 0 1
3218 22 20 0 1
6015 22 21 0 1
3218 22 21 0 1
6015 22 22 0 1
3513 22 22 0 1
6014 22 23 0 1
3513 22 23 0 1
6013 22 24 0 1
3513 22 24 0 1
6015 22 25 0 1
3218 22 25 0 1
6015 22 26 0 1
3218 22 26 0 1
6017 22 27 0 1
3213 22 27 1 1
6015 22 28 0 1
6017 22 29 0 1
6017 22 30 0 1
6015 22 31 0 1
6017 22 32 0 1
6014 22 33 0 1
6017 22 34 0 1
6014 22 35 0 1
6016 22 36 0 1
6013 22 37 0 1
6017 22 38 0 1
6016 22 39 0 1
6016 22 40 0 1
6014 22 41 0 1
6015 22 42 0 1
6015 22 43 0 1
6016 22 44 0 1
3280 22 44 0 1
3282 22 44 2 1
6015 22 45 0 1
6015 22 46 0 1
6013 22 47 0 1
3213 22 47 1 1
6014 22 48 0 1
6015 22 49 0 1
6014 22 50 0 1
6017 22 51 0 1
3299 22 51 0 1
3300 22 51 2 1
6013 22 52 0 1
6013 22 53 0 1
3213 22 53 1 1
6017 22 54 0 1
6013 23 0 0 1
6016 23 1 0 1
3213 23 1 1 1
6016 23 2 0 1
3206 23 2 1 1
6014 23 3 0 1
3212 23 3 1 1
6014 23 4 0 1
6013 23 5 0 1
3213 23 5 1 1
6017 23 6 0 1
6017 23 7 0 1
6015 23 8 0 1
6017 23 9 0 1
6016 23 10 0 1
6015 23 11 0 1
3212 23 11 1 1
6017 23 12 0 1
6016 23 13 0 1
3213 23 13 1 1
6017 23 14 0 1
6017 23 15 0 1
6014 23 16 0 1
3234 23 16 1 1
6014 23 17 0 1
3232 23 17 1 1
6016 23 18 0 1
6014 23 19 0 1
6017 23 20 0 1
6013 23 21 0 1
6017 23 22 0 1
3206 23 22 1 1
6016 23 23 0 1
6015 23 24 0 1
6013 23 25 0 1
6014 23 26 0 1
6016 23 27 0 1
6017 23 28 0 1
3206 23 28 1 1
6016 23 29 0 1
6013 23 30 0 1
6014 23 31 0 1
3496 23 31 0 1
3495 23 31 1 1
6016 23 32 0 1
6014 23 33 0 1
6016 23 34 0 1
3299 23 34 0 1
3300 23 34 2 1
6015 23 35 0 1
6017 23 36 0 1
6017 23 37 0 1
3496 23 37 0 1
3495 23 37 1 1
6016 23 38 0 1
6016 23 39 0 1
6017 23 40 0 1
6015 23 41 0 1
3299 23 41 0 1
3300 23 41 2 1
6017 23 42 0 1
6016 23 43 0 1
6017 23 44 0 1
6013 23 45 0 1
6016 23 46 0 1
6015 23 47 0 1
6014 23 48 0 1
6016 23 49 0 1
3203 23 49 1 1
6013 23 50 0 1
6016 23 51 0 1
6015 23 52 0 1
3206 23 52 1 1
6017 23 53 0 1
6013 23 54 0 1
6013 24 0 0 1
3213 24 0 1 1
6017 24 1 0 1
3203 24 1 1 1
6013 24 2 0 1
6017 24 3 0 1
3206 24 3 1 1
6014 24 4 0 1
3206 24 4 1 1
6016 24 5 0 1
6014 24 6 0 1
3206 24 6 1 1
6017 24 7 0 1
3206 24 7 1 1
6017 24 8 0 1
3204 24 8 1 1
6017 24 9 0 1
3203 24 9 1 1
6014 24 10 0 1
3212 24 10 1 1
6016 24 11 0 1
3204 24 11 1 1
6015 24 12 0 1
3213 24 12 1 1
6017 24 13 0 1
3203 24 13 1 1
6014 24 14 0 1
3213 24 14 1 1
6013 24 15 0 1
3213 24 15 1 1
6014 24 16 0 1
6015 24 17 0 1
3212 24 17 1 1
6017 24 18 0 1
3213 24 18 1 1
6015 24 19 0 1
6014 24 20 0 1
3204 24 20 1 1
6013 24 21 0 1
3213 24 21 1 1
6014 24 22 0 1
3213 24 22 1 1
6016 24 23 0 1
3213 24 23 1 1
6015 24 24 0 1
3213 24 24 1 1
6014 24 25 0 1
6017 24 26 0 1
3203 24 26 1 1
6014 24 27 0 1
6014 24 28 0 1
6015 24 29 0 1
6014 24 30 0 1
3213 24 30 1 1
6017 24 31 0 1
6017 24 32 0 1
3213 24 32 1 1
6013 24 33 0 1
6016 24 34 0 1
3203 24 34 1 1
6016 24 35 0 1
3213 24 35 1 1
6017 24 36 0 1
6013 24 37 0 1
6015 24 38 0 1
6013 24 39 0 1
3213 24 39 1 1
6015 24 40 0 1
3213 24 40 1 1
6015 24 41 0 1
6013 24 42 0 1
3206 24 42 1 1
6016 24 43 0 1
6016 24 44 0 1
6014 24 45 0 1
6013 24 46 0 1
3290 24 46 0 1
3291 24 46 2 1
6015 24 47 0 1
6013 24 48 0 1
3213 24 48 1 1
6015 24 49 0 1
6016 24 50 0 1
3213 24 50 1 1
6013 24 51 0 1
3206 24 51 1 1
6015 24 52 0 1
6014 24 53 0 1
6017 24 54 0 1
3203 24 54 1 1
6013 25 0 0 1
3213 25 0 1 1
6016 25 1 0 1
3213 25 1 1 1
6014 25 2 0 1
6014 25 3 0 1
3213 25 3 1 1
6017 25 4 0 1
3206 25 4 1 1
6016 25 5 0 1
6017 25 6 0 1
3206 25 6 1 1
6016 25 7 0 1
3206 25 7 1 1
6014 25 8 0 1
3213 25 8 1 1
6015 25 9 0 1
3206 25 9 1 1
6015 25 10 0 1
3203 25 10 1 1
6016 25 11 0 1
3203 25 11 1 1
6015 25 12 0 1
3204 25 12 1 1
6014 25 13 0 1
6016 25 14 0 1
3206 25 14 1 1
6014 25 15 0 1
3213 25 15 1 1
6014 25 16 0 1
3203 25 16 1 1
6013 25 17 0 1
3204 25 17 1 1
6017 25 18 0 1
3213 25 18 1 1
6017 25 19 0 1
3206 25 19 1 1
6017 25 20 0 1
3203 25 20 1 1
6017 25 21 0 1
3203 25 21 1 1
6015 25 22 0 1
3206 25 22 1 1
6013 25 23 0 1
6013 25 24 0 1
3206 25 24 1 1
6013 25 25 0 1
6014 25 26 0 1
6014 25 27 0 1
6016 25 28 0 1
3213 25 28 1 1
6017 25 29 0 1
3203 25 29 1 1
6014 25 30 0 1
3206 25 30 1 1
6014 25 31 0 1
3203 25 31 1 1
6016 25 32 0 1
6014 25 33 0 1
3206 25 33 1 1
6015 25 34 0 1
3203 25 34 1 1
6017 25 35 0 1
6015 25 36 0 1
6016 25 37 0 1
3213 25 37 1 1
6015 25 38 0 1
3206 25 38 1 1
6014 25 39 0 1
3203 25 39 1 1
6016 25 40 0 1
6017 25 41 0 1
3206 25 41 1 1
6017 25 42 0 1
6013 25 43 0 1
3206 25 43 1 1
6014 25 44 0 1
3206 25 44 1 1
6016 25 45 0 1
3213 25 45 1 1
6016 25 46 0 1
6014 25 47 0 1
6014 25 48 0 1
3213 25 48 1 1
6014 25 49 0 1
3206 25 49 1 1
6014 25 50 0 1
3206 25 50 1 1
6017 25 51 0 1
6016 25 52 0 1
3203 25 52 1 1
6014 25 53 0 1
6017 25 54 0 1
3206 25 54 1 1
6013 26 0 0 1
6013 26 1 0 1
6013 26 2 0 1
3213 26 2 1 1
6013 26 3 0 1
6016 26 4 0 1
6014 26 5 0 1
6016 26 6 0 1
3203 26 6 1 1
6017 26 7 0 1
3203 26 7 1 1
6015 26 8 0 1
3212 26 8 1 1
6014 26 9 0 1
3213 26 9 1 1
6013 26 10 0 1
3212 26 10 1 1
6017 26 11 0 1
3213 26 11 1 1
6013 26 12 0 1
6017 26 13 0 1
3212 26 13 1 1
6016 26 14 0 1
6016 26 15 0 1
3212 26 15 1 1
6016 26 16 0 1
3204 26 16 1 1
6016 26 17 0 1
6015 26 18 0 1
3212 26 18 1 1
6014 26 19 0 1
3213 26 19 1 1
6013 26 20 0 1
3206 26 20 1 1
6013 26 21 0 1
3203 26 21 1 1
6014 26 22 0 1
6017 26 23 0 1
3204 26 23 1 1
6015 26 24 0 1
6015 26 25 0 1
6013 26 26 0 1
3203 26 26 1 1
6017 26 27 0 1
6015 26 28 0 1
3213 26 28 1 1
6015 26 29 0 1
6014 26 30 0 1
3213 26 30 1 1
6016 26 31 0 1
3213 26 31 1 1
6014 26 32 0 1
6014 26 33 0 1
6014 26 34 0 1
6016 26 35 0 1
3206 26 35 1 1
6015 26 36 0 1
3206 26 36 1 1
6016 26 37 0 1
6016 26 38 0 1
6013 26 39 0 1
6013 26 40 0 1
6017 26 41 0 1
6015 26 42 0 1
3203 26 42 1 1
6017 26 43 0 1
3203 26 43 1 1
6013 26 44 0 1
6016 26 45 0 1
6015 26 46 0 1
3203 26 46 1 1
6015 26 47 0 1
6016 26 48 0 1
6016 26 49 0 1
6016 26 50 0 1
6014 26 51 0 1
6013 26 52 0 1
6013 26 53 0 1
6017 26 54 0 1
970 4 8 20 1
973 4 9 20 1
973 4 10 20 1
981 4 11 20 1
973 4 12 20 1
973 4 13 20 1
994 4 14 20 1
991 4 15 20 1
991 4 16 20 1
991 4 17 20 1
991 4 18 20 1
991 4 19 20 1
984 4 20 20 1
973 4 21 20 1
973 4 22 20 1
981 4 23 20 1
973 4 24 20 1
973 4 25 20 1
972 5 8 20 1
1298 5 9 20 1
2621 5 9 20 1
1298 5 10 20 1
2685 5 10 20 1
1298 5 11 20 1
2684 5 11 20 1
1300 5 12 20 1
990 5 12 20 1
6039 5 13 20 1
13556 5 13 20 1
6042 5 14 20 1
13556 5 14 20 1
6043 5 15 20 1
13556 5 15 20 1
6039 5 16 20 1
963 5 16 20 1
965 5 20 20 1
1300 5 21 20 1
1300 5 22 20 1
1299 5 23 20 1
1298 5 24 20 1
1299 5 25 20 1
972 5 25 20 1
972 6 8 20 1
1297 6 9 20 1
2620 6 9 20 1
1297 6 10 20 1
2681 6 10 20 1
1297 6 11 20 1
2680 6 11 20 1
1299 6 12 20 1
954 6 12 20 1
6043 6 13 20 1
13567 6 13 20 1
6040 6 14 20 1
13567 6 14 20 1
6041 6 15 20 1
13567 6 15 20 1
6042 6 16 20 1
983 6 16 20 1
954 6 20 20 1
1300 6 21 20 1
1300 6 22 20 1
1298 6 23 20 1
1300 6 24 20 1
1299 6 25 20 1
983 6 25 20 1
980 7 8 20 1
1300 7 9 20 1
1297 7 10 20 1
1299 7 11 20 1
1298 7 12 20 1
954 7 12 20 1
6043 7 13 20 1
13573 7 13 20 1
6040 7 14 20 1
13573 7 14 20 1
6041 7 15 20 1
13573 7 15 20 1
6044 7 16 20 1
983 7 16 20 1
954 7 20 20 1
1297 7 21 20 1
1298 7 22 20 1
1300 7 23 20 1
1299 7 24 20 1
1298 7 25 20 1
972 7 25 20 1
972 8 8 20 1
1298 8 9 20 1
2637 8 9 20 1
1298 8 10 20 1
1298 8 11 20 1
1297 8 12 20 1
954 8 12 20 1
6039 8 13 20 1
6042 8 14 20 1
6043 8 15 20 1
6043 8 16 20 1
993 8 16 20 1
954 8 20 20 1
1297 8 21 20 1
1300 8 22 20 1
1298 8 23 20 1
1298 8 24 20 1
1300 8 25 20 1
993 8 25 20 1
983 9 8 20 1
1300 9 9 20 1
984 9 9 20 1
1300 9 10 20 1
1298 9 11 20 1
1299 9 12 20 1
967 9 12 20 1
6039 9 13 20 1
956 9 13 20 1
6043 9 14 20 1
13549 9 14 20 1
6039 9 15 20 1
13549 9 15 20 1
6041 9 16 20 1
993 9 16 20 1
954 9 20 20 1
1300 9 21 20 1
1299 9 22 20 1
1299 9 23 20 1
1297 9 24 20 1
1298 9 25 20 1
983 9 25 20 1
993 10 8 20 1
1297 10 9 20 1
1300 10 10 20 1
1298 10 11 20 1
1297 10 12 20 1
1299 10 13 20 1
6044 10 14 20 1
966 10 14 20 1
6043 10 15 20 1
966 10 15 20 1
6042 10 16 20 1
975 10 16 20 1
954 10 20 20 1
1311 10 21 20 1
2861 10 21 20 1
1309 10 22 20 1
1297 10 23 20 1
1297 10 24 20 1
1298 10 25 20 1
993 10 25 20 1
990 11 8 20 1
1297 11 9 20 1
1299 11 10 20 1
1300 11 11 20 1
1297 11 12 20 1
1297 11 13 20 1
976 11 13 20 1
954 11 20 20 1
12789 11 21 20 1
1309 11 22 20 1
1297 11 23 20 1
1297 11 24 20 1
1299 11 25 20 1
990 11 25 20 1
990 12 8 20 1
1298 12 9 20 1
1300 12 10 20 1
1297 12 11 20 1
1299 12 12 20 1
1298 12 13 20 1
963 12 13 20 1
954 12 20 20 1
12790 12 21 20 1
1310 12 22 20 1
1298 12 23 20 1
1300 12 24 20 1
1298 12 25 20 1
990 12 25 20 1
990 13 8 20 1
1299 13 9 20 1
2149 13 9 20 1
1204 13 10 20 1
1197 13 11 20 1
1202 13 12 20 1
2149 13 12 20 1
1300 13 13 20 1
959 13 13 20 1
954 13 20 20 1
12790 13 21 20 1
1311 13 22 20 1
1300 13 23 20 1
1299 13 24 20 1
1300 13 25 20 1
990 13 25 20 1
990 14 8 20 1
2147 14 9 20 1
1200 14 10 20 1
1194 14 11 20 1
1198 14 12 20 1
2147 14 12 20 1
954 14 20 20 1
12789 14 21 20 1
1312 14 22 20 1
1298 14 23 20 1
1299 14 24 20 1
1300 14 25 20 1
990 14 25 20 1
990 15 8 20 1
2147 15 9 20 1
1200 15 10 20 1
1196 15 11 20 1
1198 15 12 20 1
2147 15 12 20 1
954 15 20 20 1
12789 15 21 20 1
1312 15 22 20 1
1300 15 23 20 1
1300 15 24 20 1
1298 15 25 20 1
990 15 25 20 1
983 16 8 20 1
2147 16 9 20 1
1200 16 10 20 1
1193 16 11 20 1
1198 16 12 20 1
2147 16 12 20 1
954 16 20 20 1
1310 16 21 20 1
2861 16 21 20 1
1299 16 22 20 1
1298 16 23 20 1
1300 16 24 20 1
1297 16 25 20 1
983 16 25 20 1
993 17 8 20 1
2147 17 9 20 1
1200 17 10 20 1
1194 17 11 20 1
1198 17 12 20 1
2147 17 12 20 1
966 17 13 20 1
953 17 14 20 1
953 17 15 20 1
953 17 16 20 1
953 17 17 20 1
953 17 18 20 1
953 17 19 20 1
959 17 20 20 1
12790 17 21 20 1
1311 17 22 20 1
1300 17 23 20 1
1298 17 24 20 1
1300 17 25 20 1
993 17 25 20 1
972 18 8 20 1
1300 18 9 20 1
1203 18 10 20 1
1199 18 11 20 1
1201 18 12 20 1
1309 18 13 20 1
2860 18 13 20 1
12788 18 14 20 1
12790 18 15 20 1
12789 18 16 20 1
12788 18 17 20 1
12790 18 18 20 1
1311 18 19 20 1
2860 18 19 20 1
12790 18 20 20 1
12788 18 21 20 1
1310 18 22 20 1
1300 18 23 20 1
1297 18 24 20 1
1299 18 25 20 1
972 18 25 20 1
980 19 8 20 1
1297 19 9 20 1
1297 19 10 20 1
1300 19 11 20 1
1300 19 12 20 1
1312 19 13 20 1
1309 19 14 20 1
1312 19 15 20 1
1311 19 16 20 1
1309 19 17 20 1
1310 19 18 20 1
1297 19 19 20 1
1311 19 20 20 1
1309 19 21 20 1
1297 19 22 20 1
1300 19 23 20 1
1300 19 24 20 1
1297 19 25 20 1
980 19 25 20 1
972 20 8 20 1
1300 20 9 20 1
1297 20 10 20 1
1299 20 11 20 1
1299 20 12 20 1
1297 20 13 20 1
1297 20 14 20 1
1298 20 15 20 1
1297 20 16 20 1
1300 20 17 20 1
1299 20 18 20 1
1299 20 19 20 1
1298 20 20 20 1
1298 20 21 20 1
1300 20 22 20 1
1297 20 23 20 1
1299 20 24 20 1
1297 20 25 20 1
972 20 25 20 1
972 21 8 20 1
1300 21 9 20 1
973 21 9 20 1
1297 21 10 20 1
994 21 10 20 1
1298 21 11 20 1
973 21 11 20 1
1299 21 12 20 1
973 21 12 20 1
1297 21 13 20 1
984 21 13 20 1
1299 21 14 20 1
994 21 14 20 1
1298 21 15 20 1
991 21 15 20 1
1299 21 16 20 1
991 21 16 20 1
1297 21 17 20 1
991 21 17 20 1
1300 21 18 20 1
991 21 18 20 1
1300 21 19 20 1
991 21 19 20 1
1297 21 20 20 1
984 21 20 20 1
1297 21 21 20 1
994 21 21 20 1
1299 21 22 20 1
973 21 22 20 1
1298 21 23 20 1
981 21 23 20 1
1300 21 24 20 1
973 21 24 20 1
1297 21 25 20 1
971 21 25 20 1
970 4 8 40 1
981 4 9 40 1
973 4 10 40 1
991 4 11 40 1
969 4 12 40 1
973 4 13 40 1
984 4 14 40 1
973 4 15 40 1
994 4 16 40 1
973 4 17 40 1
969 4 18 40 1
969 4 19 40 1
969 4 20 40 1
969 4 21 40 1
981 4 22 40 1
984 4 23 40 1
981 4 24 40 1
994 4 25 40 1
968 5 8 40 1
1408 5 9 40 1
2475 5 9 40 1
2475 5 9 45 1
1413 5 10 40 1
1407 5 11 40 1
1411 5 12 40 1
963 5 12 40 1
965 5 16 40 1
1266 5 17 40 1
1266 5 18 40 1
1266 5 19 40 1
993 5 19 40 1
1266 5 20 40 1
2898 5 20 40 1
1266 5 21 40 1
1266 5 22 40 1
1266 5 23 40 1
1266 5 24 40 1
1266 5 25 40 1
983 5 25 40 1
983 6 8 40 1
1410 6 9 40 1
2541 6 9 40 1
3271 6 9 45 1
1409 6 10 40 1
1412 6 11 40 1
1409 6 12 40 1
976 6 12 40 1
954 6 16 40 1
1266 6 17 40 1
1266 6 18 40 1
1266 6 19 40 1
976 6 19 40 1
1266 6 20 40 1
2868 6 20 40 1
1266 6 21 40 1
1266 6 22 40 1
1266 6 23 40 1
1266 6 24 40 1
1266 6 25 40 1
968 6 25 40 1
993 7 8 40 1
1408 7 9 40 1
4550 7 9 40 1
3366 7 9 41 1
1408 7 10 40 1
1413 7 11 40 1
1408 7 12 40 1
976 7 12 40 1
954 7 16 40 1
1266 7 17 40 1
1266 7 18 40 1
1266 7 19 40 1
976 7 19 40 1
1266 7 20 40 1
2901 7 20 40 1
1266 7 21 40 1
1266 7 22 40 1
1266 7 23 40 1
1266 7 24 40 1
1266 7 25 40 1
983 7 25 40 1
983 8 8 40 1
1409 8 9 40 1
2475 8 9 40 1
2475 8 9 45 1
1412 8 10 40 1
1411 8 11 40 1
1411 8 12 40 1
976 8 12 40 1
954 8 16 40 1
1266 8 17 40 1
1266 8 18 40 1
1266 8 19 40 1
983 8 19 40 1
1266 8 20 40 1
994 8 20 40 1
1266 8 21 40 1
977 8 21 40 1
1266 8 22 40 1
977 8 22 40 1
1266 8 23 40 1
1266 8 24 40 1
1266 8 25 40 1
968 8 25 40 1
990 9 8 40 1
1410 9 9 40 1
964 9 9 40 1
1412 9 10 40 1
977 9 10 40 1
1407 9 11 40 1
977 9 11 40 1
1410 9 12 40 1
975 9 12 40 1
954 9 16 40 1
1266 9 17 40 1
1266 9 18 40 1
1266 9 19 40 1
1266 9 20 40 1
1266 9 21 40 1
1266 9 22 40 1
965 9 22 40 1
1266 9 23 40 1
1266 9 24 40 1
1266 9 25 40 1
990 9 25 40 1
968 10 8 40 1
954 10 16 40 1
1266 10 17 40 1
1266 10 18 40 1
1266 10 19 40 1
1266 10 20 40 1
1266 10 21 40 1
1266 10 22 40 1
1266 10 23 40 1
1266 10 24 40 1
1266 10 25 40 1
968 10 25 40 1
972 11 8 40 1
954 11 16 40 1
1266 11 17 40 1
1266 11 18 40 1
1266 11 19 40 1
1266 11 20 40 1
1266 11 21 40 1
1266 11 22 40 1
1266 11 23 40 1
1266 11 24 40 1
1266 11 25 40 1
972 11 25 40 1
983 12 8 40 1
966 12 9 40 1
953 12 10 40 1
953 12 11 40 1
953 12 12 40 1
953 12 13 40 1
953 12 14 40 1
953 12 15 40 1
959 12 16 40 1
1266 12 17 40 1
1266 12 18 40 1
1266 12 19 40 1
1266 12 20 40 1
962 12 20 40 1
1266 12 21 40 1
977 12 21 40 1
1266 12 22 40 1
959 12 22 40 1
1266 12 23 40 1
1266 12 24 40 1
1266 12 25 40 1
983 12 25 40 1
972 13 8 40 1
1266 13 9 40 1
1266 13 10 40 1
1266 13 11 40 1
1266 13 12 40 1
1266 13 13 40 1
1266 13 14 40 1
1266 13 15 40 1
1266 13 16 40 1
1266 13 17 40 1
1266 13 18 40 1
1266 13 19 40 1
962 13 19 40 1
1266 13 20 40 1
975 13 20 40 1
1266 13 21 40 1
1266 13 22 40 1
1266 13 23 40 1
1266 13 24 40 1
1266 13 25 40 1
972 13 25 40 1
993 14 8 40 1
1266 14 9 40 1
1266 14 10 40 1
1266 14 11 40 1
1266 14 12 40 1
1266 14 13 40 1
1266 14 14 40 1
1266 14 15 40 1
1266 14 16 40 1
1266 14 17 40 1
1266 14 18 40 1
1266 14 19 40 1
976 14 19 40 1
1266 14 20 40 1
1266 14 21 40 1
1266 14 22 40 1
1266 14 23 40 1
1266 14 24 40 1
1266 14 25 40 1
993 14 25 40 1
972 15 8 40 1
1266 15 9 40 1
984 15 9 40 1
1266 15 10 40 1
994 15 10 40 1
1266 15 11 40 1
984 15 11 40 1
1266 15 12 40 1
977 15 12 40 1
1266 15 13 40 1
1266 15 14 40 1
962 15 14 40 1
1266 15 15 40 1
966 15 15 40 1
1266 15 16 40 1
964 15 16 40 1
1266 15 17 40 1
977 15 17 40 1
1266 15 18 40 1
977 15 18 40 1
1266 15 19 40 1
979 15 19 40 1
1266 15 20 40 1
1266 15 21 40 1
1266 15 22 40 1
1266 15 23 40 1
1266 15 24 40 1
1266 15 25 40 1
972 15 25 40 1
968 16 8 40 1
1266 16 9 40 1
1266 16 10 40 1
1266 16 11 40 1
1266 16 12 40 1
976 16 12 40 1
1266 16 13 40 1
1266 16 14 40 1
965 16 14 40 1
1266 16 15 40 1
1266 16 16 40 1
1266 16 17 40 1
1266 16 18 40 1
1266 16 19 40 1
976 16 19 40 1
1266 16 20 40 1
977 16 20 40 1
1266 16 21 40 1
1266 16 22 40 1
1266 16 23 40 1
1266 16 24 40 1
1266 16 25 40 1
968 16 25 40 1
983 17 8 40 1
1266 17 9 40 1
1266 17 10 40 1
1266 17 11 40 1
1266 17 12 40 1
965 17 12 40 1
1266 17 13 40 1
1266 17 14 40 1
1266 17 15 40 1
1266 17 16 40 1
1266 17 17 40 1
1266 17 18 40 1
1266 17 19 40 1
1266 17 20 40 1
976 17 20 40 1
1266 17 21 40 1
1266 17 22 40 1
1266 17 23 40 1
1266 17 24 40 1
1266 17 25 40 1
990 17 25 40 1
993 18 8 40 1
1266 18 9 40 1
1266 18 10 40 1
1266 18 11 40 1
1266 18 12 40 1
1266 18 13 40 1
1266 18 14 40 1
1266 18 15 40 1
1266 18 16 40 1
1266 18 17 40 1
1266 18 18 40 1
1266 18 19 40 1
1266 18 20 40 1
965 18 20 40 1
1266 18 21 40 1
1266 18 22 40 1
1266 18 23 40 1
1266 18 24 40 1
1266 18 25 40 1
983 18 25 40 1
983 19 8 40 1
1266 19 9 40 1
1266 19 10 40 1
1266 19 11 40 1
1266 19 12 40 1
1266 19 13 40 1
1266 19 14 40 1
1266 19 15 40 1
1266 19 16 40 1
1266 19 17 40 1
1266 19 18 40 1
1266 19 19 40 1
1266 19 20 40 1
1266 19 21 40 1
1266 19 22 40 1
1266 19 23 40 1
1266 19 24 40 1
1266 19 25 40 1
968 19 25 40 1
983 20 8 40 1
1266 20 9 40 1
1266 20 10 40 1
1266 20 11 40 1
1266 20 12 40 1
1266 20 13 40 1
1266 20 14 40 1
1266 20 15 40 1
1266 20 16 40 1
1266 20 17 40 1
1266 20 18 40 1
1266 20 19 40 1
1266 20 20 40 1
1266 20 21 40 1
1266 20 22 40 1
1266 20 23 40 1
1266 20 24 40 1
1266 20 25 40 1
983 20 25 40 1
993 21 8 40 1
1266 21 9 40 1
984 21 9 40 1
1266 21 10 40 1
994 21 10 40 1
1266 21 11 40 1
969 21 11 40 1
1266 21 12 40 1
981 21 12 40 1
1266 21 13 40 1
991 21 13 40 1
1266 21 14 40 1
969 21 14 40 1
1266 21 15 40 1
973 21 15 40 1
1266 21 16 40 1
984 21 16 40 1
1266 21 17 40 1
973 21 17 40 1
1266 21 18 40 1
994 21 18 40 1
1266 21 19 40 1
973 21 19 40 1
1266 21 20 40 1
969 21 20 40 1
1266 21 21 40 1
991 21 21 40 1
1266 21 22 40 1
984 21 22 40 1
1266 21 23 40 1
994 21 23 40 1
1266 21 24 40 1
984 21 24 40 1
1266 21 25 40 1
992 21 25 40 1
970 4 8 60 1
969 4 9 60 1
966 4 10 60 1
966 4 11 60 1
953 4 12 60 1
953 4 13 60 1
964 4 14 60 1
966 4 15 60 1
969 4 16 60 1
981 4 17 60 1
969 4 18 60 1
964 4 19 60 1
966 4 20 60 1
953 4 21 60 1
953 4 22 60 1
966 4 23 60 1
964 4 24 60 1
969 4 25 60 1
968 5 8 60 1
6017 5 9 60 1
6014 5 10 60 1
6016 5 11 60 1
6017 5 12 60 1
6015 5 13 60 1
6015 5 14 60 1
6016 5 15 60 1
1329 5 16 60 1
1330 5 17 60 1
1330 5 18 60 1
6016 5 19 60 1
6016 5 20 60 1
6015 5 21 60 1
6014 5 22 60 1
6016 5 23 60 1
6017 5 24 60 1
6013 5 25 60 1
968 5 25 60 1
965 6 8 60 1
6017 6 9 60 1
6013 6 10 60 1
6016 6 11 60 1
6015 6 12 60 1
6015 6 13 60 1
6013 6 14 60 1
6013 6 15 60 1
1328 6 16 60 1
1329 6 17 60 1
1330 6 18 60 1
6013 6 19 60 1
6016 6 20 60 1
6013 6 21 60 1
6015 6 22 60 1
6014 6 23 60 1
6013 6 24 60 1
6015 6 25 60 1
965 6 25 60 1
965 7 8 60 1
6015 7 9 60 1
6017 7 10 60 1
12788 7 11 60 1
12788 7 12 60 1
12790 7 13 60 1
12789 7 14 60 1
12790 7 15 60 1
1328 7 16 60 1
1328 7 17 60 1
1328 7 18 60 1
12788 7 19 60 1
12790 7 20 60 1
12789 7 21 60 1
12790 7 22 60 1
12790 7 23 60 1
6016 7 24 60 1
6017 7 25 60 1
963 7 25 60 1
954 8 8 60 1
6014 8 9 60 1
6015 8 10 60 1
12790 8 11 60 1
6044 8 12 60 1
6044 8 13 60 1
6043 8 14 60 1
6044 8 15 60 1
1330 8 16 60 1
1327 8 17 60 1
1329 8 18 60 1
6042 8 19 60 1
6042 8 20 60 1
6043 8 21 60 1
6044 8 22 60 1
12791 8 23 60 1
6013 8 24 60 1
6014 8 25 60 1
954 8 25 60 1
954 9 8 60 1
6015 9 9 60 1
6013 9 10 60 1
12790 9 11 60 1
6040 9 12 60 1
6041 9 13 60 1
602 9 13 60 1
6039 9 14 60 1
596 9 14 60 1
6042 9 15 60 1
366 9 15 60 1
1329 9 16 60 1
367 9 16 60 1
1327 9 17 60 1
369 9 17 60 1
1330 9 18 60 1
366 9 18 60 1
6039 9 19 60 1
369 9 19 60 1
6039 9 20 60 1
596 9 20 60 1
6043 9 21 60 1
6042 9 22 60 1
12791 9 23 60 1
6016 9 24 60 1
6016 9 25 60 1
965 9 25 60 1
963 10 8 60 1
6015 10 9 60 1
6013 10 10 60 1
12790 10 11 60 1
6042 10 12 60 1
6043 10 13 60 1
595 10 13 60 1
1329 10 14 60 1
1330 10 15 60 1
1330 10 16 60 1
1327 10 17 60 1
1327 10 18 60 1
1327 10 19 60 1
1330 10 20 60 1
595 10 20 60 1
6042 10 21 60 1
6041 10 22 60 1
12790 10 23 60 1
6013 10 24 60 1
6014 10 25 60 1
963 10 25 60 1
965 11 8 60 1
6016 11 9 60 1
6017 11 10 60 1
12790 11 11 60 1
6041 11 12 60 1
6042 11 13 60 1
365 11 13 60 1
1330 11 14 60 1
1328 11 15 60 1
1327 11 16 60 1
1373 11 17 60 1
1328 11 18 60 1
1330 11 19 60 1
1327 11 20 60 1
365 11 20 60 1
6040 11 21 60 1
6041 11 22 60 1
12789 11 23 60 1
6017 11 24 60 1
6016 11 25 60 1
965 11 25 60 1
968 12 8 60 1
1329 12 9 60 1
1328 12 10 60 1
1329 12 11 60 1
1329 12 12 60 1
1328 12 13 60 1
368 12 13 60 1
1330 12 14 60 1
1329 12 15 60 1
1375 12 16 60 1
1595 12 17 60 1
1377 12 18 60 1
1329 12 19 60 1
1327 12 20 60 1
368 12 20 60 1
1328 12 21 60 1
1327 12 22 60 1
1328 12 23 60 1
1327 12 24 60 1
1329 12 25 60 1
968 12 25 60 1
980 13 8 60 1
1329 13 9 60 1
1327 13 10 60 1
1327 13 11 60 1
1329 13 12 60 1
1329 13 13 60 1
370 13 13 60 1
1329 13 14 60 1
1373 13 15 60 1
1597 13 16 60 1
1595 13 17 60 1
1596 13 18 60 1
1374 13 19 60 1
1330 13 20 60 1
370 13 20 60 1
1329 13 21 60 1
1328 13 22 60 1
1330 13 23 60 1
1330 13 24 60 1
1329 13 25 60 1
980 13 25 60 1
968 14 8 60 1
1327 14 9 60 1
1328 14 10 60 1
1328 14 11 60 1
1328 14 12 60 1
1327 14 13 60 1
365 14 13 60 1
1329 14 14 60 1
1330 14 15 60 1
1373 14 16 60 1
1598 14 17 60 1
1373 14 18 60 1
1329 14 19 60 1
1329 14 20 60 1
365 14 20 60 1
1329 14 21 60 1
1327 14 22 60 1
1327 14 23 60 1
1329 14 24 60 1
1329 14 25 60 1
968 14 25 60 1
963 15 8 60 1
6014 15 9 60 1
6013 15 10 60 1
12791 15 11 60 1
6043 15 12 60 1
6040 15 13 60 1
370 15 13 60 1
1330 15 14 60 1
1330 15 15 60 1
1327 15 16 60 1
1374 15 17 60 1
1330 15 18 60 1
1330 15 19 60 1
1329 15 20 60 1
370 15 20 60 1
6041 15 21 60 1
6043 15 22 60 1
12788 15 23 60 1
6015 15 24 60 1
6015 15 25 60 1
963 15 25 60 1
965 16 8 60 1
6016 16 9 60 1
6016 16 10 60 1
12788 16 11 60 1
6043 16 12 60 1
6041 16 13 60 1
595 16 13 60 1
1328 16 14 60 1
596 16 14 60 1
1329 16 15 60 1
366 16 15 60 1
1327 16 16 60 1
367 16 16 60 1
1329 16 17 60 1
369 16 17 60 1
1327 16 18 60 1
366 16 18 60 1
1330 16 19 60 1
369 16 19 60 1
1328 16 20 60 1
594 16 20 60 1
6044 16 21 60 1
6040 16 22 60 1
12791 16 23 60 1
6014 16 24 60 1
6016 16 25 60 1
965 16 25 60 1
963 17 8 60 1
6015 17 9 60 1
6016 17 10 60 1
12790 17 11 60 1
6044 17 12 60 1
6043 17 13 60 1
6043 17 14 60 1
6039 17 15 60 1
1328 17 16 60 1
1330 17 17 60 1
1330 17 18 60 1
6040 17 19 60 1
6043 17 20 60 1
6044 17 21 60 1
6043 17 22 60 1
12788 17 23 60 1
6014 17 24 60 1
6015 17 25 60 1
954 17 25 60 1
954 18 8 60 1
6014 18 9 60 1
6017 18 10 60 1
12791 18 11 60 1
6040 18 12 60 1
6040 18 13 60 1
6044 18 14 60 1
6040 18 15 60 1
1327 18 16 60 1
1327 18 17 60 1
1327 18 18 60 1
6039 18 19 60 1
6039 18 20 60 1
6041 18 21 60 1
6039 18 22 60 1
12791 18 23 60 1
6016 18 24 60 1
6015 18 25 60 1
954 18 25 60 1
965 19 8 60 1
6017 19 9 60 1
6016 19 10 60 1
12790 19 11 60 1
12790 19 12 60 1
12789 19 13 60 1
12791 19 14 60 1
12788 19 15 60 1
1327 19 16 60 1
1330 19 17 60 1
1327 19 18 60 1
12790 19 19 60 1
12788 19 20 60 1
12790 19 21 60 1
12791 19 22 60 1
12791 19 23 60 1
6016 19 24 60 1
6013 19 25 60 1
963 19 25 60 1
963 20 8 60 1
6015 20 9 60 1
6016 20 10 60 1
6016 20 11 60 1
6016 20 12 60 1
6014 20 13 60 1
6013 20 14 60 1
6017 20 15 60 1
1329 20 16 60 1
1330 20 17 60 1
1330 20 18 60 1
6017 20 19 60 1
6014 20 20 60 1
6014 20 21 60 1
6013 20 22 60 1
6014 20 23 60 1
6015 20 24 60 1
6014 20 25 60 1
963 20 25 60 1
968 21 8 60 1
6014 21 9 60 1
969 21 9 60 1
6015 21 10 60 1
966 21 10 60 1
6013 21 11 60 1
964 21 11 60 1
6014 21 12 60 1
953 21 12 60 1
6017 21 13 60 1
953 21 13 60 1
6015 21 14 60 1
964 21 14 60 1
6013 21 15 60 1
966 21 15 60 1
1329 21 16 60 1
969 21 16 60 1
1330 21 17 60 1
981 21 17 60 1
1327 21 18 60 1
969 21 18 60 1
6016 21 19 60 1
964 21 19 60 1
6016 21 20 60 1
966 21 20 60 1
6015 21 21 60 1
953 21 21 60 1
6017 21 22 60 1
953 21 22 60 1
6017 21 23 60 1
964 21 23 60 1
6013 21 24 60 1
964 21 24 60 1
6016 21 25 60 1
967 21 25 60 1
